prediction_s2s__medianmodel_07-Feb-2021_3rdday.asc
ncols	141
nrows	288
xllcorner	-120191.398
yllcorner	-301404.813
cellsize	2000.000
NODATA_value	-999.250
[rows 224 to 251 of 288, columns 63 to 125 of 141]
1487.873 1598.380 1726.412 1857.160 1970.273 2044.261 2062.382 2018.621 1920.372 1786.440 1641.081 1506.254 1395.683 1313.218 1255.717 1217.433 1193.736 1182.584 1183.999 1198.149 1223.909 1258.301 1296.803 1334.200 1365.800 1388.420 1401.055 1404.756 1401.885 1395.101 1386.600 1377.612 1368.657 1360.198 1353.182 1348.720 1347.834 1350.792 1356.870 1365.146 1374.757 1383.448 1386.295 1376.221 1346.943 1298.168 1237.903 1179.354 1134.745 1110.454 1104.585 1109.091 1115.597 1119.784 1121.113 1120.957 1120.677 1120.624 1120.624 1120.624 1120.624 1120.624 1120.624
1463.795 1558.734 1664.435 1769.577 1859.306 1918.273 1934.629 1904.125 1832.071 1732.013 1621.544 1516.705 1427.826 1358.269 1306.480 1269.078 1243.555 1229.143 1226.205 1234.784 1253.591 1279.714 1309.119 1337.512 1361.313 1378.359 1388.195 1391.795 1390.857 1387.074 1381.679 1375.254 1368.104 1360.973 1355.203 1352.115 1352.583 1356.341 1362.096 1368.713 1375.342 1379.890 1377.837 1362.911 1330.254 1281.023 1223.726 1170.655 1132.214 1112.733 1108.993 1113.110 1118.079 1120.797 1121.289 1120.903 1120.654 1120.624 1120.624 1120.624 1120.624 1120.624 1120.624
1440.718 1518.378 1600.816 1680.453 1747.792 1793.127 1808.885 1792.150 1746.103 1679.291 1603.070 1527.935 1460.874 1404.463 1358.338 1321.146 1292.257 1272.121 1261.621 1260.962 1269.082 1283.566 1301.236 1318.929 1334.202 1345.698 1353.176 1357.213 1358.599 1357.948 1355.563 1351.417 1345.713 1339.545 1334.759 1332.923 1334.696 1339.172 1344.476 1349.322 1353.148 1354.478 1349.674 1333.513 1302.271 1257.654 1207.565 1162.603 1131.219 1116.132 1113.618 1116.704 1119.978 1121.391 1121.285 1120.825 1120.638 1120.624 1120.624 1120.624 1120.624 1120.624 1120.624
1427.023 1488.423 1549.856 1607.217 1655.543 1689.649 1705.213 1700.193 1675.934 1636.929 1589.450 1539.407 1490.827 1445.349 1403.303 1364.823 1330.796 1302.782 1282.331 1270.124 1265.643 1267.258 1272.766 1280.064 1287.594 1294.466 1300.343 1305.220 1308.961 1311.225 1311.515 1309.300 1304.683 1299.115 1294.966 1294.169 1297.291 1302.838 1308.399 1312.514 1314.896 1314.833 1309.744 1295.585 1269.415 1232.782 1192.215 1156.300 1131.687 1120.043 1117.850 1119.536 1121.219 1121.619 1121.176 1120.748 1120.628 1120.624 1120.624 1120.624 1120.624 1120.624 1120.624
1427.744 1475.628 1520.139 1560.002 1593.634 1619.017 1633.956 1636.914 1627.888 1608.500 1581.390 1549.104 1513.340 1474.811 1434.156 1392.504 1351.876 1314.835 1283.655 1259.667 1243.036 1232.917 1227.971 1226.861 1228.563 1232.315 1237.472 1243.441 1249.357 1254.151 1256.733 1256.122 1252.270 1246.892 1242.960 1242.943 1247.558 1254.942 1262.109 1267.182 1269.886 1270.130 1266.446 1256.055 1236.676 1209.289 1178.714 1151.534 1132.808 1123.644 1121.216 1121.502 1121.890 1121.608 1121.031 1120.692 1120.624 1120.624 1120.624 1120.624 1120.624 1120.624 1120.624
1443.519 1481.232 1513.305 1540.506 1563.482 1582.104 1595.374 1601.998 1601.162 1592.712 1577.025 1554.446 1525.051 1488.864 1446.650 1400.214 1352.447 1306.704 1265.910 1231.974 1205.635 1186.661 1174.282 1167.616 1165.824 1168.042 1173.237 1180.387 1188.173 1195.121 1199.698 1200.472 1197.156 1191.656 1187.585 1188.233 1194.732 1204.949 1215.240 1222.929 1227.299 1228.679 1226.755 1220.159 1207.289 1188.499 1166.935 1147.359 1133.485 1126.135 1123.383 1122.601 1122.117 1121.471 1120.901 1120.659 1120.624 1120.624 1120.624 1120.624 1120.624 1120.624 1120.624
1470.578 1501.107 1524.585 1543.102 1558.516 1571.634 1582.008 1588.481 1589.838 1585.021 1573.161 1553.339 1524.705 1486.925 1440.938 1389.086 1334.873 1282.168 1234.286 1193.477 1160.807 1136.399 1119.799 1110.313 1107.072 1108.989 1114.704 1122.986 1132.367 1141.203 1147.642 1149.735 1146.888 1141.167 1136.927 1138.389 1147.168 1160.909 1175.206 1186.309 1192.832 1195.404 1194.832 1191.084 1183.207 1171.105 1156.630 1143.022 1132.906 1127.021 1124.201 1122.859 1121.973 1121.249 1120.788 1120.638 1120.624 1120.624 1120.624 1120.624 1120.624 1120.624 1120.624
1502.092 1527.496 1545.105 1557.697 1567.637 1576.020 1582.606 1586.328 1585.867 1579.806 1566.672 1544.975 1513.479 1471.864 1421.367 1364.755 1305.876 1248.797 1196.870 1152.384 1116.498 1089.504 1071.109 1060.671 1057.219 1059.444 1065.796 1075.053 1085.827 1096.446 1104.740 1108.208 1105.961 1100.287 1096.342 1099.094 1110.489 1127.882 1146.060 1160.214 1168.403 1171.565 1171.487 1169.229 1164.450 1156.853 1147.412 1138.213 1131.036 1126.497 1123.974 1122.559 1121.643 1121.025 1120.706 1120.627 1120.624 1120.624 1120.624 1120.624 1120.624 1120.624 1120.624
1529.912 1551.139 1564.424 1572.784 1578.621 1583.001 1585.701 1585.728 1581.772 1572.297 1555.626 1530.089 1494.508 1448.848 1394.705 1335.139 1274.063 1215.356 1162.112 1116.404 1079.359 1051.373 1032.313 1021.604 1018.207 1020.686 1027.455 1037.448 1049.480 1061.857 1072.053 1077.042 1075.755 1070.833 1068.031 1072.695 1086.804 1107.311 1128.270 1144.138 1152.812 1155.604 1155.083 1153.112 1149.873 1145.061 1139.093 1133.169 1128.372 1125.165 1123.216 1122.041 1121.298 1120.854 1120.660 1120.624 1120.624 1120.624 1120.624 1120.624 1120.624 1120.624 1120.624
1546.689 1563.765 1573.412 1578.580 1581.438 1582.857 1582.544 1579.515 1572.444 1559.742 1539.691 1510.731 1471.960 1423.770 1368.098 1308.079 1247.371 1189.383 1136.725 1091.154 1053.756 1025.101 1005.299 993.944 990.054 992.191 998.903 1009.351 1022.544 1036.685 1048.800 1055.442 1055.564 1052.239 1051.485 1058.545 1075.031 1097.426 1119.307 1135.057 1142.903 1144.618 1143.275 1141.125 1138.631 1135.543 1131.958 1128.433 1125.548 1123.557 1122.287 1121.498 1121.009 1120.741 1120.638 1120.624 1120.624 1120.624 1120.624 1120.624 1120.624 1120.624 1120.624
1547.589 1560.190 1566.566 1569.415 1570.548 1570.529 1568.918 1564.608 1556.175 1541.948 1520.266 1489.805 1450.080 1401.891 1347.352 1289.437 1231.301 1175.701 1124.680 1079.713 1041.897 1012.069 990.694 977.665 972.219 973.114 979.188 989.839 1004.131 1019.975 1033.874 1042.144 1044.015 1042.976 1044.891 1054.387 1072.374 1094.896 1115.557 1129.433 1135.588 1136.203 1134.438 1132.415 1130.576 1128.685 1126.694 1124.801 1123.261 1122.196 1121.500 1121.064 1120.802 1120.672 1120.628 1120.624 1120.624 1120.624 1120.624 1120.624 1120.624 1120.624 1120.624
1531.033 1539.081 1542.774 1544.435 1545.411 1545.897 1545.171 1541.861 1534.336 1520.839 1499.819 1470.281 1432.158 1386.555 1335.586 1281.854 1227.880 1175.734 1126.941 1082.711 1044.214 1012.570 988.654 972.801 964.665 963.418 968.318 978.940 994.174 1011.420 1026.639 1036.196 1039.844 1041.338 1045.989 1057.470 1075.850 1096.885 1114.729 1125.729 1129.936 1129.746 1128.005 1126.416 1125.216 1124.186 1123.232 1122.384 1121.719 1121.270 1120.975 1120.794 1120.688 1120.638 1120.624 1120.624 1120.624 1120.624 1120.624 1120.624 1120.624 1120.624 1120.624
1498.370 1502.457 1504.571 1506.544 1509.213 1512.283 1514.611 1514.449 1509.899 1499.138 1480.793 1454.235 1419.769 1378.672 1332.906 1284.632 1235.764 1187.767 1141.707 1098.571 1059.530 1025.913 998.985 979.607 968.025 964.021 967.331 977.571 993.235 1011.091 1026.753 1036.970 1042.110 1045.918 1052.852 1065.491 1083.079 1101.373 1115.561 1123.459 1125.933 1125.317 1123.907 1122.856 1122.199 1121.730 1121.377 1121.104 1120.912 1120.793 1120.716 1120.668 1120.640 1120.628 1120.624 1120.624 1120.624 1120.624 1120.624 1120.624 1120.624 1120.624 1120.624
1453.128 1454.617 1456.740 1460.776 1466.947 1474.398 1481.456 1485.951 1485.731 1478.981 1464.558 1442.182 1412.447 1376.698 1336.725 1294.306 1250.910 1207.558 1164.959 1123.810 1085.140 1050.298 1020.811 998.062 982.970 975.993 977.316 986.475 1001.475 1018.584 1033.449 1043.498 1049.598 1055.152 1063.569 1076.356 1092.064 1106.836 1117.187 1122.272 1123.437 1122.716 1121.773 1121.231 1120.959 1120.797 1120.703 1120.651 1120.627 1120.624 1120.624 1120.624 1120.624 1120.624 1120.624 1120.624 1120.624 1120.624 1120.624 1120.624 1120.624 1120.624 1120.624
1400.143 1400.903 1404.812 1412.510 1423.584 1436.543 1449.190 1458.962 1463.541 1461.184 1451.012 1433.017 1408.003 1377.353 1342.757 1305.826 1267.832 1229.559 1191.420 1153.724 1117.135 1082.780 1052.236 1027.255 1009.327 999.500 998.298 1005.153 1017.766 1032.363 1045.120 1054.244 1060.805 1067.476 1076.512 1088.422 1101.405 1112.341 1119.133 1121.916 1122.161 1121.470 1120.920 1120.730 1120.680 1120.652 1120.637 1120.627 1120.624 1120.624 1120.624 1120.624 1120.624 1120.624 1120.624 1120.624 1120.624 1120.624 1120.624 1120.624 1120.624 1120.624 1120.624
1344.514 1346.414 1353.629 1366.113 1382.770 1401.526 1419.706 1434.496 1443.524 1445.182 1438.790 1424.536 1403.349 1376.692 1346.336 1313.998 1281.051 1248.232 1215.686 1183.210 1150.918 1119.445 1090.139 1064.836 1045.290 1032.869 1028.317 1031.156 1039.322 1049.698 1059.385 1067.217 1073.978 1081.233 1090.053 1100.197 1109.946 1117.174 1120.999 1122.074 1121.706 1121.047 1120.693 1120.624 1120.624 1120.624 1120.624 1120.624 1120.624 1120.624 1120.624 1120.624 1120.624 1120.624 1120.624 1120.624 1120.624 1120.624 1120.624 1120.624 1120.624 1120.624 1120.624
1291.043 1295.449 1306.838 1324.439 1346.508 1370.465 1393.335 1412.216 1424.789 1429.583 1426.009 1414.333 1395.562 1371.349 1343.759 1314.924 1286.540 1259.437 1233.477 1207.868 1182.028 1155.912 1130.369 1106.901 1087.085 1072.262 1063.355 1060.391 1062.308 1067.311 1073.594 1080.257 1087.218 1094.649 1102.560 1110.318 1116.689 1120.659 1122.208 1122.153 1121.474 1120.893 1120.658 1120.624 1120.624 1120.624 1120.624 1120.624 1120.624 1120.624 1120.624 1120.624 1120.624 1120.624 1120.624 1120.624 1120.624 1120.624 1120.624 1120.624 1120.624 1120.624 1120.624
1243.836 1251.306 1266.871 1289.064 1315.565 1343.443 1369.636 1391.320 1406.284 1413.110 1411.168 1400.675 1382.740 1359.338 1333.089 1306.742 1282.467 1261.185 1242.446 1224.809 1206.963 1188.108 1168.357 1148.500 1129.448 1112.223 1098.028 1087.992 1082.746 1082.217 1085.552 1091.550 1098.792 1106.058 1112.565 1117.708 1121.035 1122.510 1122.574 1121.928 1121.212 1120.774 1120.637 1120.624 1120.624 1120.624 1120.624 1120.624 1120.624 1120.624 1120.624 1120.624 1120.624 1120.624 1120.624 1120.624 1120.624 1120.624 1120.624 1120.624 1120.624 1120.624 1120.624
1206.181 1216.406 1235.323 1260.834 1290.185 1320.304 1348.228 1371.318 1387.460 1395.162 1393.592 1382.859 1364.245 1340.240 1314.200 1289.608 1269.087 1253.556 1242.150 1232.771 1223.461 1212.706 1199.786 1184.467 1166.644 1146.899 1126.965 1109.610 1097.560 1092.465 1093.980 1100.055 1107.725 1114.583 1119.482 1122.223 1123.227 1123.099 1122.389 1121.580 1120.984 1120.696 1120.627 1120.624 1120.624 1120.624 1120.624 1120.624 1120.624 1120.624 1120.624 1120.624 1120.624 1120.624 1120.624 1120.624 1120.624 1120.624 1120.624 1120.624 1120.624 1120.624 1120.624
1180.307 1192.286 1213.094 1240.149 1270.458 1301.023 1329.109 1352.293 1368.451 1375.867 1373.415 1361.118 1340.563 1314.935 1288.440 1265.250 1248.267 1238.217 1233.680 1231.975 1230.632 1227.601 1221.361 1210.525 1193.875 1171.614 1146.343 1122.717 1105.495 1097.654 1098.770 1105.590 1113.709 1120.009 1123.383 1124.292 1123.845 1122.929 1121.979 1121.249 1120.822 1120.654 1120.624 1120.624 1120.624 1120.624 1120.624 1120.624 1120.624 1120.624 1120.624 1120.624 1120.624 1120.624 1120.624 1120.624 1120.624 1120.624 1120.624 1120.624 1120.624 1120.624 1120.624
1167.234 1179.588 1200.495 1227.111 1256.452 1285.755 1312.580 1334.652 1349.711 1355.692 1351.174 1336.190 1312.817 1285.062 1257.953 1236.181 1222.661 1217.658 1219.106 1223.833 1229.053 1232.389 1231.669 1224.456 1208.599 1184.213 1154.982 1127.292 1107.417 1098.923 1100.854 1108.694 1117.048 1122.628 1124.767 1124.545 1123.454 1122.365 1121.518 1120.983 1120.721 1120.636 1120.624 1120.624 1120.624 1120.624 1120.624 1120.624 1120.624 1120.624 1120.624 1120.624 1120.624 1120.624 1120.624 1120.624 1120.624 1120.624 1120.624 1120.624 1120.624 1120.624 1120.624
1166.544 1177.827 1197.014 1221.290 1247.915 1274.469 1298.792 1318.649 1331.523 1334.985 1327.401 1308.985 1282.424 1252.565 1225.119 1205.021 1194.902 1194.400 1200.759 1210.428 1220.466 1228.333 1231.401 1226.473 1210.904 1185.136 1153.996 1125.063 1105.281 1098.040 1101.566 1110.302 1118.503 1123.277 1124.540 1123.795 1122.629 1121.721 1121.117 1120.795 1120.662 1120.627 1120.624 1120.624 1120.624 1120.624 1120.624 1120.624 1120.624 1120.624 1120.624 1120.624 1120.624 1120.624 1120.624 1120.624 1120.624 1120.624 1120.624 1120.624 1120.624 1120.624 1120.624
1176.432 1185.384 1201.241 1221.512 1243.907 1266.417 1287.106 1303.692 1313.379 1313.450 1302.217 1280.190 1250.695 1219.288 1192.103 1174.037 1167.231 1170.647 1180.913 1194.199 1207.457 1218.028 1223.008 1218.844 1203.040 1176.842 1146.070 1118.700 1101.426 1096.843 1102.185 1111.354 1118.976 1122.904 1123.599 1122.759 1121.820 1121.207 1120.851 1120.690 1120.635 1120.624 1120.624 1120.624 1120.624 1120.624 1120.624 1120.624 1120.624 1120.624 1120.624 1120.624 1120.624 1120.624 1120.624 1120.624 1120.624 1120.624 1120.624 1120.624 1120.624 1120.624 1120.624
1193.664 1199.316 1210.543 1225.456 1242.364 1259.717 1275.767 1288.173 1293.960 1290.258 1275.451 1250.381 1218.875 1186.923 1160.778 1145.088 1141.461 1148.302 1161.789 1177.865 1193.247 1205.041 1210.152 1205.223 1188.659 1162.948 1134.579 1111.103 1098.112 1096.868 1103.710 1112.621 1119.205 1122.233 1122.570 1121.847 1121.219 1120.882 1120.711 1120.645 1120.627 1120.624 1120.624 1120.624 1120.624 1120.624 1120.624 1120.624 1120.624 1120.624 1120.624 1120.624 1120.624 1120.624 1120.624 1120.624 1120.624 1120.624 1120.624 1120.624 1120.624 1120.624 1120.624
1213.858 1215.532 1221.174 1229.719 1240.203 1251.563 1262.270 1270.004 1271.728 1264.581 1247.050 1220.214 1188.132 1156.882 1132.579 1119.518 1118.932 1128.915 1145.425 1164.100 1181.134 1193.107 1196.799 1189.641 1171.731 1147.109 1122.561 1104.505 1096.757 1098.865 1106.535 1114.468 1119.637 1121.704 1121.760 1121.205 1120.852 1120.708 1120.644 1120.627 1120.624 1120.624 1120.624 1120.624 1120.624 1120.624 1120.624 1120.624 1120.624 1120.624 1120.624 1120.624 1120.624 1120.624 1120.624 1120.624 1120.624 1120.624 1120.624 1120.624 1120.624 1120.624 1120.624
1232.210 1229.457 1228.941 1230.565 1234.180 1239.250 1244.507 1247.740 1245.969 1236.418 1217.626 1190.698 1159.636 1130.289 1108.473 1098.186 1100.509 1113.605 1133.367 1154.972 1173.677 1185.182 1186.185 1175.466 1155.465 1131.970 1111.768 1099.697 1097.343 1102.373 1110.186 1116.681 1120.285 1121.429 1121.264 1120.860 1120.691 1120.644 1120.627 1120.624 1120.624 1120.624 1120.624 1120.624 1120.624 1120.624 1120.624 1120.624 1120.624 1120.624 1120.624 1120.624 1120.624 1120.624 1120.624 1120.624 1120.624 1120.624 1120.624 1120.624 1120.624 1120.624 1120.624
1244.285 1236.889 1230.073 1224.807 1221.777 1220.995 1221.468 1221.121 1217.101 1206.663 1188.301 1162.958 1134.310 1107.802 1088.904 1081.441 1086.642 1103.015 1126.487 1151.565 1172.163 1182.772 1180.082 1164.667 1141.694 1118.790 1102.618 1096.255 1098.833 1106.209 1113.776 1118.763 1120.934 1121.312 1121.000 1120.706 1120.636 1120.627 1120.624 1120.624 1120.624 1120.624 1120.624 1120.624 1120.624 1120.624 1120.624 1120.624 1120.624 1120.624 1120.624 1120.624 1120.624 1120.624 1120.624 1120.624 1120.624 1120.624 1120.624 1120.624 1120.624 1120.624 1120.624
1246.766 1234.812 1222.124 1210.721 1202.078 1196.697 1193.808 1191.441 1186.780 1177.048 1160.579 1138.035 1112.676 1089.497 1073.688 1069.038 1077.136 1096.990 1124.579 1153.552 1176.204 1185.665 1178.676 1157.826 1131.058 1107.798 1094.643 1093.048 1099.759 1109.022 1116.386 1120.242 1121.379 1121.252 1120.868 1120.652 1120.624 1120.624 1120.624 1120.624 1120.624 1120.624 1120.624 1120.624 1120.624 1120.624 1120.624 1120.624 1120.624 1120.624 1120.624 1120.624 1120.624 1120.624 1120.624 1120.624 1120.624 1120.624 1120.624 1120.624 1120.624 1120.624 1120.624
