prediction_s2s__medianmodel_07-Feb-2021_5thday.asc
ncols	141
nrows	288
xllcorner	-120191.398
yllcorner	-301404.813
cellsize	2000.000
NODATA_value	-999.250
[rows 56 to 83 of 288, columns 64 to 127 of 141]
935.011 943.375 945.441 945.198 947.503 956.575 974.674 1001.389 1033.739 1067.108 1096.485 1117.919 1129.851 1134.077 1136.079 1144.744 1171.206 1226.796 1320.474 1455.829 1628.714 1826.299 2027.949 2208.260 2342.152 2410.085 2402.258 2320.767 2178.528 1995.984 1796.453 1601.070 1424.998 1276.239 1156.078 1061.149 986.318 926.910 879.744 843.229 816.622 799.269 790.044 787.279 789.039 793.654 800.241 809.078 821.686 840.767 869.963 912.738 970.199 1039.509 1113.794 1184.035 1241.955 1282.919 1307.127 1318.520 1322.200 1322.400 1321.623 1320.836
964.187 978.724 987.105 993.096 1001.387 1016.092 1039.335 1070.505 1106.337 1141.890 1171.914 1192.479 1202.409 1204.300 1204.802 1214.196 1244.866 1309.030 1415.886 1568.631 1762.215 1982.419 2206.675 2407.212 2556.230 2631.363 2620.658 2525.481 2359.708 2146.406 1912.776 1684.006 1478.579 1306.593 1169.973 1064.742 984.407 922.679 874.944 838.541 812.071 794.579 784.926 781.615 782.985 787.663 795.020 805.527 820.830 843.736 877.931 926.482 989.425 1062.480 1137.568 1205.262 1257.963 1292.666 1311.289 1318.868 1320.641 1320.383 1319.880 1319.551
993.775 1015.047 1030.436 1043.341 1058.135 1078.694 1106.931 1142.002 1180.415 1217.004 1246.431 1264.955 1271.975 1271.032 1270.008 1280.473 1315.827 1388.793 1508.425 1677.248 1889.248 2128.904 2371.985 2588.757 2749.094 2828.077 2811.931 2701.489 2511.671 2268.181 2002.055 1742.351 1510.621 1318.798 1169.212 1057.100 974.516 913.560 868.192 834.684 810.947 795.688 787.690 785.594 788.014 793.945 803.171 816.508 835.768 863.695 903.545 957.253 1023.369 1096.332 1167.725 1228.802 1273.664 1301.174 1314.629 1319.304 1319.970 1319.596 1319.307 1319.194
1022.138 1049.933 1072.203 1091.915 1113.032 1139.078 1171.678 1209.738 1249.566 1285.918 1313.535 1329.087 1332.728 1329.063 1327.187 1339.767 1380.890 1463.322 1595.543 1779.167 2007.053 2262.425 2519.657 2747.459 2913.893 2992.160 2967.223 2839.831 2626.109 2354.342 2059.013 1772.544 1519.031 1311.796 1153.279 1037.833 956.114 898.746 858.406 830.360 811.820 801.092 796.769 797.517 802.191 810.239 822.060 839.051 863.284 897.268 943.168 1001.119 1067.910 1137.157 1200.974 1252.417 1287.879 1308.087 1317.052 1319.645 1319.723 1319.383 1319.217 1319.170
1047.642 1080.985 1109.220 1134.888 1161.486 1192.114 1228.034 1267.886 1307.843 1342.695 1367.485 1379.499 1379.854 1374.290 1373.048 1389.634 1438.366 1531.552 1676.658 1874.042 2115.219 2382.077 2647.845 2880.178 3046.014 3117.688 3079.899 2933.911 2697.280 2400.599 2081.143 1773.779 1504.361 1286.990 1123.913 1008.599 930.495 879.047 845.875 825.371 814.052 809.735 810.683 815.433 822.989 833.302 847.615 868.194 897.591 937.886 989.649 1050.769 1116.219 1179.231 1233.234 1273.727 1299.600 1313.153 1318.497 1319.676 1319.497 1319.254 1319.178 1319.163
1068.869 1106.237 1138.971 1169.209 1199.981 1233.896 1271.817 1312.105 1350.875 1383.100 1404.341 1412.754 1410.575 1404.743 1406.470 1429.766 1488.691 1594.533 1753.281 1963.587 2215.245 2488.734 2756.341 2985.297 3142.484 3200.700 3145.634 2979.815 2722.373 2405.754 2068.912 1747.983 1469.560 1247.839 1084.603 972.559 900.292 856.448 831.919 820.364 817.639 820.991 828.173 837.432 847.769 859.652 875.334 898.254 931.712 977.344 1034.033 1097.286 1160.411 1216.508 1260.653 1290.865 1308.377 1316.564 1319.279 1319.589 1319.338 1319.189 1319.163 1319.161
1085.023 1124.685 1160.227 1193.434 1226.855 1262.588 1301.061 1340.399 1376.740 1405.443 1422.818 1428.113 1424.835 1421.082 1428.825 1462.150 1534.313 1655.017 1828.231 2050.376 2309.112 2583.399 2844.968 3061.443 3201.042 3238.663 3162.290 2976.447 2701.775 2371.766 2025.671 1699.486 1419.442 1199.175 1039.849 933.672 868.832 833.626 818.513 816.611 823.151 834.717 848.432 862.075 874.516 886.631 901.707 924.542 959.427 1007.901 1067.504 1131.808 1192.720 1243.233 1279.742 1302.297 1313.877 1318.486 1319.601 1319.483 1319.252 1319.168 1319.161 1319.161
1096.159 1136.488 1173.249 1207.884 1242.467 1278.569 1316.212 1353.326 1386.228 1410.859 1424.525 1427.755 1425.381 1426.554 1443.691 1490.472 1578.778 1716.187 1904.054 2136.010 2397.248 2665.308 2911.920 3106.267 3219.494 3230.244 3129.991 2925.682 2639.094 2303.583 1957.210 1634.373 1359.919 1146.407 994.420 896.039 839.570 813.401 807.869 815.710 831.567 851.306 871.337 888.896 902.573 913.496 925.767 945.437 978.041 1025.571 1085.070 1149.073 1208.534 1256.085 1288.659 1307.357 1316.062 1319.059 1319.556 1319.362 1319.205 1319.162 1319.161 1319.161
1103.069 1142.748 1179.415 1214.190 1248.670 1283.920 1319.588 1353.527 1382.377 1402.871 1413.499 1416.190 1417.064 1426.098 1455.784 1518.888 1625.352 1780.085 1981.317 2219.460 2477.143 2730.861 2953.236 3116.376 3195.956 3175.726 3051.387 2832.282 2540.661 2208.375 1870.796 1559.486 1297.081 1094.762 952.745 863.421 815.717 798.492 802.212 819.366 844.059 871.421 897.163 917.973 932.133 940.805 948.525 962.302 988.922 1031.413 1087.400 1149.443 1208.115 1255.452 1287.949 1306.615 1315.398 1318.557 1319.252 1319.241 1319.180 1319.161 1319.161 1319.161
1107.073 1145.132 1180.735 1214.689 1248.129 1281.659 1314.616 1344.882 1369.588 1386.399 1395.140 1399.128 1405.622 1425.114 1469.741 1550.795 1675.804 1846.583 2057.844 2296.681 2543.454 2774.359 2964.033 3088.846 3130.276 3077.970 2932.051 2703.820 2414.956 2094.542 1774.053 1481.310 1236.205 1048.515 918.347 838.828 799.903 791.175 803.438 829.052 861.641 895.677 926.248 949.613 963.799 969.835 972.270 978.576 996.499 1030.559 1079.835 1137.961 1195.786 1244.708 1279.997 1301.569 1312.675 1317.318 1318.798 1319.128 1319.167 1319.161 1319.161 1319.161
1109.681 1145.464 1179.343 1211.840 1243.680 1275.048 1305.051 1331.703 1352.724 1366.823 1375.148 1382.294 1396.410 1428.122 1488.748 1587.639 1729.545 1912.912 2128.896 2361.542 2589.658 2790.146 2940.779 3023.269 3025.560 2943.293 2780.576 2549.956 2271.496 1970.518 1673.842 1405.053 1181.115 1010.516 893.489 824.195 793.827 792.935 812.761 845.654 884.870 924.352 958.755 984.082 998.242 1002.081 999.758 998.601 1006.828 1030.446 1070.508 1122.565 1178.420 1229.105 1268.332 1294.274 1308.896 1315.734 1318.302 1319.036 1319.162 1319.161 1319.161 1319.161
1112.093 1145.187 1176.938 1207.654 1237.692 1266.906 1294.232 1317.869 1336.174 1348.885 1358.361 1370.260 1393.269 1437.777 1513.849 1628.597 1783.811 1974.588 2188.782 2408.092 2610.773 2775.411 2883.859 2923.679 2889.205 2781.573 2608.064 2381.583 2119.828 1843.856 1575.564 1334.239 1133.988 982.113 879.111 820.292 798.167 804.309 830.531 869.293 913.642 957.220 994.463 1021.341 1035.807 1038.545 1033.088 1026.045 1025.447 1038.355 1067.857 1111.826 1163.673 1214.617 1257.014 1287.083 1305.205 1314.260 1317.889 1318.978 1319.161 1319.161 1319.161 1319.161
1115.126 1145.279 1174.722 1203.590 1231.965 1259.404 1284.734 1306.361 1323.238 1336.021 1348.053 1365.744 1397.986 1454.590 1544.092 1671.223 1834.894 2027.121 2233.089 2433.067 2605.735 2732.206 2798.835 2798.880 2732.433 2605.134 2426.550 2209.271 1968.307 1720.445 1482.824 1270.707 1095.487 963.332 874.961 826.767 812.513 824.825 856.164 899.254 947.150 993.456 1032.627 1060.790 1076.089 1079.113 1072.652 1062.183 1054.865 1058.163 1076.852 1111.228 1156.743 1205.495 1249.024 1281.777 1302.503 1313.254 1317.659 1318.963 1319.161 1319.161 1319.161 1319.161
1119.398 1146.509 1173.616 1200.761 1227.788 1254.029 1278.232 1298.989 1315.772 1329.955 1345.573 1369.455 1410.383 1477.327 1577.191 1712.439 1879.413 2067.559 2260.199 2437.070 2578.087 2667.298 2695.403 2660.712 2568.042 2426.492 2247.150 2041.970 1823.394 1604.348 1397.685 1215.010 1065.157 953.131 879.712 842.171 835.386 853.009 888.218 934.164 984.146 1031.997 1072.414 1101.827 1118.647 1123.399 1118.087 1106.750 1095.149 1090.479 1098.737 1122.517 1159.640 1203.610 1245.807 1279.295 1301.272 1312.909 1317.657 1318.990 1319.161 1319.161 1319.161 1319.161
1125.517 1149.602 1174.481 1200.097 1226.112 1251.685 1275.521 1296.403 1314.191 1330.747 1350.486 1380.319 1428.657 1503.510 1610.221 1749.319 1915.046 2094.984 2271.352 2424.079 2534.673 2590.056 2584.735 2521.084 2407.625 2256.001 2078.378 1886.119 1689.484 1498.105 1321.176 1166.993 1041.986 949.900 891.377 864.330 864.596 886.778 924.825 972.452 1023.423 1072.008 1113.329 1144.209 1163.325 1171.103 1168.708 1158.528 1144.623 1133.417 1131.771 1144.407 1171.648 1208.732 1247.395 1279.726 1301.584 1313.249 1317.879 1319.053 1319.161 1319.161 1319.161 1319.161
1134.114 1155.254 1178.025 1202.265 1227.461 1252.664 1276.601 1298.224 1317.680 1337.091 1360.954 1395.974 1450.000 1530.089 1640.244 1779.523 1940.670 2110.056 2269.469 2399.365 2482.835 2509.242 2476.108 2388.997 2259.167 2100.292 1925.436 1745.508 1569.114 1403.201 1253.813 1126.301 1024.858 951.911 907.820 890.923 897.832 924.021 964.205 1012.749 1064.043 1112.960 1155.159 1187.889 1210.062 1221.857 1223.505 1215.606 1200.402 1183.413 1172.156 1173.368 1189.892 1218.819 1252.464 1282.279 1302.993 1314.045 1318.226 1319.128 1319.161 1319.161 1319.161 1319.161
1145.965 1164.179 1184.856 1207.673 1231.976 1256.764 1280.857 1303.378 1324.660 1346.882 1374.361 1413.384 1471.144 1553.816 1664.415 1800.999 1955.401 2113.408 2256.742 2366.487 2427.034 2429.615 2374.061 2268.292 2125.741 1961.706 1790.071 1621.531 1463.386 1320.379 1195.877 1092.651 1012.849 957.676 927.137 919.836 933.004 962.839 1004.785 1053.896 1105.271 1154.481 1197.773 1232.844 1258.751 1275.268 1281.528 1276.223 1259.840 1237.065 1216.068 1205.609 1211.032 1231.215 1259.108 1285.712 1304.781 1314.936 1318.569 1319.190 1319.161 1319.161 1319.161 1319.161
1161.662 1176.833 1195.208 1216.288 1239.312 1263.309 1287.237 1310.413 1333.242 1357.768 1387.953 1429.506 1488.913 1571.627 1680.007 1811.564 1957.749 2104.204 2232.826 2325.283 2366.969 2350.507 2277.441 2157.507 2005.813 1838.967 1671.510 1513.937 1372.451 1249.947 1147.546 1065.853 1005.305 966.102 947.910 949.488 968.515 1001.784 1045.370 1095.026 1146.574 1196.296 1241.060 1278.989 1309.229 1330.982 1342.133 1339.383 1321.558 1292.634 1261.534 1239.056 1233.043 1244.129 1265.900 1289.018 1306.321 1315.613 1318.794 1319.219 1319.161 1319.161 1319.161 1319.161
1181.218 1193.065 1208.723 1227.523 1248.671 1271.287 1294.530 1317.856 1341.643 1367.652 1399.347 1441.747 1500.659 1580.967 1684.635 1809.005 1945.548 2080.109 2194.936 2272.296 2298.427 2267.117 2181.212 2051.819 1895.256 1728.938 1567.709 1421.652 1295.920 1191.862 1108.841 1045.791 1001.905 976.645 969.397 978.996 1003.427 1039.929 1085.137 1135.460 1187.436 1238.047 1284.748 1326.074 1361.166 1388.552 1404.754 1404.483 1384.990 1349.604 1308.038 1273.126 1255.222 1256.755 1272.068 1291.560 1307.191 1315.847 1318.821 1319.203 1319.161 1319.161 1319.161 1319.161
1203.838 1211.945 1224.320 1240.196 1258.820 1279.484 1301.488 1324.402 1348.429 1374.945 1406.809 1448.357 1504.694 1580.257 1676.806 1791.738 1916.823 2038.407 2139.369 2202.777 2215.858 2173.469 2079.542 1946.050 1789.854 1628.531 1476.595 1343.410 1233.081 1145.751 1079.546 1032.332 1002.537 989.159 991.364 1008.003 1037.247 1076.676 1123.436 1174.552 1227.252 1279.173 1328.321 1373.577 1414.000 1447.399 1468.913 1471.351 1450.374 1408.622 1356.491 1308.715 1278.197 1269.375 1277.612 1293.213 1307.257 1315.563 1318.627 1319.140 1319.161 1319.161 1319.161 1319.161
1228.002 1231.942 1240.455 1252.810 1268.377 1286.609 1306.943 1328.905 1352.462 1378.516 1409.300 1448.434 1500.377 1569.121 1656.285 1759.442 1870.863 1977.693 2063.865 2113.684 2115.662 2065.818 1968.913 1837.192 1687.243 1535.923 1396.773 1278.076 1182.993 1110.840 1059.093 1025.128 1007.021 1003.528 1013.653 1036.225 1069.534 1111.460 1159.624 1211.647 1265.391 1319.095 1371.250 1420.992 1467.233 1507.078 1534.402 1540.243 1518.648 1471.322 1408.997 1348.072 1303.974 1283.535 1283.571 1294.587 1306.851 1314.931 1318.281 1319.050 1319.161 1319.161 1319.161 1319.161
1251.419 1250.913 1255.169 1263.615 1275.811 1291.340 1309.682 1330.247 1352.704 1377.485 1406.208 1441.792 1488.025 1548.402 1624.342 1713.647 1809.250 1899.444 1969.704 2006.077 1998.744 1945.000 1850.066 1725.789 1587.636 1450.899 1327.523 1224.556 1144.365 1085.880 1046.461 1023.459 1014.898 1019.436 1035.979 1063.329 1099.893 1143.852 1193.279 1246.342 1301.491 1357.501 1413.247 1468.003 1520.499 1567.196 1600.904 1611.130 1590.202 1538.582 1466.866 1392.757 1334.145 1300.677 1291.102 1296.519 1306.497 1314.231 1317.897 1318.957 1319.161 1319.161 1319.161 1319.161
1271.447 1266.458 1266.345 1270.797 1279.558 1292.290 1308.422 1327.211 1348.051 1370.968 1397.031 1428.479 1468.385 1519.632 1583.348 1657.546 1735.947 1808.305 1862.088 1885.570 1870.880 1816.528 1727.841 1615.630 1493.466 1374.438 1268.593 1181.710 1115.616 1069.256 1040.265 1026.256 1025.377 1036.276 1057.819 1088.831 1127.881 1173.465 1224.081 1278.401 1335.375 1394.207 1454.074 1514.259 1573.289 1627.099 1667.617 1683.074 1664.028 1609.400 1529.237 1442.184 1368.493 1320.933 1300.578 1299.458 1306.581 1313.703 1317.578 1318.885 1319.161 1319.161 1319.161 1319.161
1285.558 1276.311 1272.010 1272.650 1278.110 1288.045 1301.793 1318.465 1337.286 1358.007 1381.246 1408.591 1442.338 1484.629 1536.190 1595.187 1656.245 1710.797 1748.646 1760.534 1740.638 1688.483 1609.128 1511.836 1407.814 1307.694 1219.560 1148.084 1094.814 1058.998 1038.736 1032.032 1037.218 1052.997 1078.267 1111.972 1152.905 1199.880 1251.761 1307.630 1366.831 1428.891 1493.189 1558.963 1624.504 1685.331 1732.657 1753.643 1737.070 1680.232 1592.398 1492.960 1404.399 1342.685 1311.278 1303.286 1307.237 1313.498 1317.401 1318.850 1319.161 1319.161 1319.161 1319.161
1291.874 1278.834 1270.778 1267.957 1270.313 1277.440 1288.589 1302.818 1319.334 1337.763 1358.358 1382.108 1410.499 1444.844 1485.360 1530.344 1575.338 1613.550 1637.197 1639.497 1616.511 1568.545 1500.082 1418.564 1332.757 1250.892 1179.274 1121.710 1079.690 1052.860 1039.834 1039.000 1048.876 1068.271 1096.219 1131.868 1174.292 1222.587 1275.912 1333.616 1395.320 1460.770 1529.495 1600.623 1672.235 1739.430 1792.774 1818.462 1803.705 1744.399 1649.222 1538.356 1436.410 1362.142 1321.037 1307.040 1308.193 1313.591 1317.384 1318.857 1319.161 1319.161 1319.161 1319.161
1289.514 1273.366 1262.143 1256.276 1255.705 1259.950 1268.241 1279.723 1293.722 1309.877 1328.185 1349.077 1373.254 1401.181 1432.550 1465.716 1497.088 1521.575 1533.649 1528.740 1504.510 1461.804 1404.325 1337.744 1268.582 1202.997 1145.838 1100.295 1067.890 1048.650 1041.622 1045.487 1058.940 1080.949 1110.776 1147.840 1191.518 1241.137 1296.022 1355.693 1419.929 1488.601 1561.329 1637.147 1713.857 1786.103 1843.686 1871.916 1856.852 1793.653 1691.025 1570.286 1457.913 1374.632 1327.039 1309.304 1308.859 1313.778 1317.465 1318.892 1319.161 1319.161 1319.161 1319.161
1278.974 1260.512 1246.764 1238.238 1234.835 1236.049 1241.210 1249.665 1260.978 1274.878 1291.202 1309.913 1331.002 1354.176 1378.613 1402.681 1423.521 1437.504 1441.003 1431.281 1407.258 1370.059 1322.613 1269.066 1214.092 1162.205 1117.172 1081.744 1057.476 1044.658 1042.632 1050.274 1066.452 1090.329 1121.452 1159.550 1204.287 1255.138 1311.524 1373.021 1439.483 1510.837 1586.776 1666.225 1746.630 1822.018 1881.295 1908.970 1890.625 1821.627 1711.568 1583.292 1464.730 1377.316 1327.587 1309.195 1308.807 1313.862 1317.565 1318.933 1319.161 1319.161 1319.161 1319.161
1262.003 1242.068 1226.401 1215.510 1209.294 1207.322 1209.125 1214.350 1222.831 1234.435 1248.891 1265.808 1284.624 1304.438 1323.997 1341.637 1355.064 1361.781 1359.633 1347.266 1324.487 1292.528 1253.683 1210.880 1167.436 1126.682 1091.608 1064.630 1047.264 1039.927 1042.106 1052.819 1071.086 1096.309 1128.322 1167.160 1212.706 1264.539 1322.110 1385.009 1453.091 1526.323 1604.437 1686.205 1768.634 1844.997 1903.240 1927.308 1903.068 1827.034 1710.441 1577.781 1457.706 1371.102 1323.381 1307.077 1308.126 1313.804 1317.636 1318.964 1319.161 1319.161 1319.161 1319.161
