prediction_s2s__medianmodel_07-Feb-2021_2ndday.asc
ncols	141
nrows	288
xllcorner	-120191.398
yllcorner	-301404.813
cellsize	2000.000
NODATA_value	-999.250
[rows 0 to 28 of 288, columns 0 to 64 of 141]
157.679 228.239 298.252 330.092 347.314 353.301 355.270 355.661 355.709 355.709 355.709 355.709 355.709 355.709 355.709 355.709 355.709 355.709 355.709 355.709 355.709 355.709 355.709 355.709 355.709 355.709 355.709 355.709 355.709 355.703 355.601 355.159 354.075 352.068 348.956 344.654 339.286 333.155 326.730 320.639 315.570 312.054 310.120 309.550 310.192 312.213 316.403 324.364 338.033 359.702 390.286 427.682 466.381 498.329 515.857 514.970 497.080 467.996 435.812 406.716 384.052 368.400 358.938 354.097 352.505
232.812 336.246 438.446 484.514 509.156 517.575 520.281 520.797 520.854 520.854 520.854 520.854 520.854 520.854 520.854 520.854 520.854 520.854 520.854 520.854 520.854 520.854 520.854 520.854 520.854 520.854 520.854 520.848 520.827 520.754 520.401 519.261 516.779 512.549 506.486 498.823 490.173 481.335 473.150 466.453 462.000 460.244 460.919 463.481 467.603 473.601 482.784 497.588 520.802 555.546 602.701 658.751 715.504 761.517 786.345 784.885 759.395 717.758 670.592 625.902 588.323 559.362 539.073 526.488 520.286
310.292 447.048 581.602 641.798 673.695 684.432 687.813 688.438 688.499 688.499 688.499 688.499 688.499 688.499 688.499 688.499 688.499 688.499 688.499 688.499 688.499 688.499 688.499 688.499 688.499 688.499 688.493 688.446 688.305 687.949 686.900 684.294 679.355 671.732 661.809 650.643 639.729 630.418 623.631 619.915 619.550 622.510 628.090 635.476 644.326 655.251 670.184 692.414 725.500 773.208 836.215 909.583 982.738 1041.463 1073.280 1072.387 1041.654 990.102 929.598 868.997 814.070 767.859 732.296 708.011 694.285
350.235 503.798 654.501 721.299 756.291 767.837 771.369 771.988 772.038 772.038 772.038 772.038 772.038 772.038 772.038 772.038 772.038 772.038 772.038 772.038 772.038 772.038 772.038 772.038 772.038 772.038 772.005 771.822 771.330 770.241 767.739 762.651 754.208 742.552 729.144 716.417 706.884 702.117 702.484 707.415 715.983 727.333 740.380 754.248 768.748 784.885 805.123 833.236 873.000 928.069 998.525 1078.550 1156.951 1219.427 1254.035 1255.470 1226.351 1174.290 1109.133 1038.375 968.241 903.994 850.731 811.977 788.337
374.837 538.449 698.694 769.098 805.635 817.488 821.025 821.615 821.652 821.652 821.652 821.652 821.652 821.652 821.652 821.652 821.652 821.652 821.652 821.652 821.652 821.652 821.652 821.652 821.652 821.645 821.526 821.008 819.734 817.185 812.252 803.723 791.319 776.292 761.690 751.383 748.449 753.974 766.883 784.706 804.941 825.939 846.453 865.848 884.337 903.392 925.904 955.868 997.018 1052.651 1122.441 1200.540 1276.464 1337.418 1373.103 1378.813 1355.947 1309.162 1244.748 1168.107 1085.815 1005.587 935.910 883.370 849.913
384.907 552.501 716.472 788.126 825.112 836.974 840.458 841.021 841.050 841.050 841.050 841.050 841.050 841.050 841.050 841.050 841.050 841.050 841.050 841.050 841.050 841.050 841.050 841.044 841.022 840.946 840.557 839.277 836.497 831.523 823.247 810.994 795.683 780.152 768.913 766.609 775.970 796.631 825.388 857.694 889.685 919.167 945.049 967.221 986.480 1004.803 1025.372 1052.190 1088.755 1137.910 1199.236 1267.667 1334.523 1389.494 1424.312 1434.527 1419.543 1380.486 1319.911 1241.465 1152.145 1061.753 981.322 919.544 879.126
388.947 558.073 723.456 795.513 832.598 844.420 847.866 848.415 848.439 848.439 848.439 848.439 848.439 848.439 848.439 848.439 848.439 848.439 848.439 848.439 848.439 848.439 848.433 848.382 848.240 847.888 846.804 844.058 838.855 830.606 818.793 804.109 789.200 778.273 776.436 787.845 813.609 851.211 895.452 940.367 981.412 1016.345 1044.474 1066.264 1083.065 1097.231 1112.125 1131.672 1159.202 1197.252 1245.731 1300.788 1355.771 1402.657 1434.546 1446.641 1436.290 1401.945 1343.998 1265.636 1174.463 1081.369 998.199 933.914 891.079
389.922 559.403 725.105 797.233 834.319 846.121 849.552 850.096 850.118 850.118 850.118 850.118 850.118 850.118 850.118 850.118 850.118 850.118 850.118 850.118 850.118 850.112 850.062 849.850 849.335 848.264 845.816 840.796 832.508 820.983 807.091 793.465 784.271 784.210 797.583 826.470 869.415 921.945 977.829 1030.852 1076.745 1113.641 1141.229 1160.302 1172.489 1180.339 1187.301 1197.207 1213.319 1238.136 1272.160 1312.870 1355.268 1392.781 1418.858 1427.917 1415.936 1380.503 1322.111 1244.912 1157.027 1068.945 991.177 931.101 890.346
390.119 559.668 725.429 797.565 834.648 846.442 849.870 850.412 850.435 850.435 850.435 850.435 850.435 850.435 850.435 850.435 850.435 850.435 850.435 850.435 850.435 850.399 850.211 849.593 848.267 845.845 841.346 833.649 822.674 809.705 797.454 790.249 792.869 809.156 841.024 887.395 944.403 1006.656 1068.243 1124.000 1170.682 1206.869 1232.307 1247.689 1254.601 1255.617 1254.180 1254.051 1258.532 1270.311 1290.632 1318.054 1348.534 1375.821 1392.756 1392.928 1372.154 1329.370 1267.259 1191.908 1111.470 1034.369 967.896 916.567 880.791
390.119 559.668 725.429 797.565 834.648 846.442 849.870 850.412 850.435 850.435 850.435 850.435 850.435 850.435 850.435 850.435 850.435 850.435 850.435 850.435 850.435 850.327 849.833 848.439 845.746 841.392 834.638 825.042 813.758 803.594 798.661 803.876 823.191 858.127 907.329 966.897 1031.744 1096.964 1158.280 1212.417 1257.268 1291.539 1314.603 1326.682 1329.082 1324.239 1315.539 1306.664 1301.000 1301.518 1310.130 1326.118 1345.649 1361.901 1366.626 1352.946 1317.854 1263.321 1195.460 1122.438 1051.690 988.298 935.311 894.065 864.052
390.119 559.668 725.429 797.565 834.648 846.442 849.870 850.412 850.435 850.435 850.435 850.435 850.435 850.435 850.435 850.435 850.435 850.435 850.435 850.435 850.435 850.184 849.153 846.570 842.058 835.650 827.513 818.651 811.746 810.547 819.238 841.595 879.096 930.201 990.958 1056.186 1121.291 1183.180 1239.889 1289.945 1331.946 1364.324 1385.777 1395.876 1395.492 1386.821 1373.069 1357.755 1344.278 1335.900 1335.077 1341.486 1351.042 1355.934 1346.831 1316.910 1265.224 1197.481 1123.337 1052.465 991.034 940.326 899.297 866.722 841.817
390.119 559.668 725.429 797.565 834.648 846.442 849.870 850.412 850.435 850.435 850.435 850.435 850.435 850.435 850.435 850.435 850.435 850.435 850.435 850.435 850.435 849.950 848.134 844.046 837.629 829.880 822.691 819.037 822.695 837.051 864.453 905.542 958.327 1018.883 1082.450 1144.708 1203.221 1257.413 1307.311 1352.519 1391.706 1422.740 1443.597 1453.234 1452.092 1442.009 1425.840 1406.787 1388.138 1373.327 1365.228 1363.724 1364.358 1358.396 1335.739 1289.988 1222.443 1142.225 1061.783 991.653 936.676 894.919 862.328 836.281 816.222
390.119 559.668 725.429 797.565 834.648 846.442 849.870 850.412 850.435 850.435 850.435 850.435 850.435 850.435 850.435 850.435 850.435 850.435 850.435 850.435 850.435 849.627 846.836 841.162 833.281 825.796 823.003 829.800 850.041 885.053 933.273 990.851 1052.593 1113.798 1171.095 1223.050 1270.357 1314.679 1357.186 1397.670 1434.396 1464.619 1485.768 1496.352 1496.395 1487.280 1471.313 1451.212 1429.969 1411.039 1397.549 1389.589 1382.518 1367.085 1332.883 1274.003 1193.457 1102.645 1015.732 943.741 890.794 853.205 825.616 805.065 791.130
390.119 559.668 725.429 797.565 834.648 846.442 849.870 850.412 850.435 850.435 850.435 850.435 850.435 850.435 850.435 850.435 850.435 850.435 850.435 850.435 850.435 849.241 845.423 838.398 830.005 824.962 830.173 851.845 892.577 949.970 1017.191 1085.855 1148.804 1202.443 1246.707 1284.139 1318.432 1352.677 1388.238 1424.456 1459.018 1488.757 1510.815 1523.442 1526.282 1520.128 1506.605 1487.764 1466.151 1445.031 1427.671 1414.451 1400.936 1377.993 1335.364 1267.474 1178.027 1079.179 985.707 909.140 853.912 816.501 791.987 777.553 772.181
390.119 559.668 725.429 797.565 834.648 846.442 849.870 850.412 850.435 850.435 850.435 850.435 850.435 850.435 850.435 850.435 850.435 850.435 850.435 850.435 850.435 848.841 844.095 836.234 828.524 827.968 843.722 882.312 943.792 1021.127 1102.205 1175.165 1232.532 1273.399 1301.841 1324.163 1346.205 1371.545 1401.088 1433.500 1466.030 1495.374 1518.672 1534.046 1540.766 1538.966 1529.467 1513.547 1493.173 1471.252 1451.066 1433.451 1414.658 1386.371 1338.884 1266.673 1173.036 1069.424 970.336 887.914 827.983 788.845 767.111 760.102 765.357
390.119 559.668 725.429 797.565 834.648 846.442 849.870 850.412 850.435 850.435 850.435 850.435 850.435 850.435 850.435 850.435 850.435 850.435 850.435 850.435 850.435 848.477 843.038 834.939 828.891 833.929 860.727 915.052 993.729 1085.367 1173.640 1244.833 1292.662 1319.537 1333.240 1342.778 1355.021 1373.338 1397.950 1426.988 1457.559 1486.510 1511.125 1529.482 1540.469 1543.549 1538.723 1526.483 1508.150 1486.147 1463.696 1442.207 1419.059 1387.290 1338.174 1266.069 1173.067 1068.904 967.059 880.222 816.103 775.653 757.345 758.383 774.310
390.119 559.668 725.429 797.565 834.648 846.442 849.870 850.412 850.435 850.435 850.435 850.435 850.435 850.435 850.435 850.435 850.435 850.435 850.435 850.435 850.435 848.189 842.320 834.427 830.406 840.751 876.753 942.716 1032.487 1131.420 1220.639 1286.182 1323.778 1338.754 1341.402 1342.077 1347.719 1361.128 1381.940 1408.072 1436.798 1465.276 1491.018 1512.067 1526.951 1534.510 1534.013 1525.239 1508.909 1486.932 1462.418 1437.397 1410.589 1376.784 1328.587 1260.355 1172.690 1073.058 973.343 886.279 821.150 781.369 766.963 774.764 798.412
390.119 559.668 725.429 797.565 834.648 846.442 849.870 850.412 850.435 850.435 850.435 850.435 850.435 850.435 850.435 850.435 850.435 850.435 850.435 850.435 850.435 847.997 841.928 834.433 832.147 846.310 888.034 960.056 1054.091 1153.728 1239.248 1297.619 1326.619 1333.504 1329.707 1325.690 1327.853 1338.343 1356.478 1380.266 1407.335 1435.223 1461.662 1484.656 1502.402 1513.237 1515.837 1509.468 1494.379 1472.062 1445.486 1417.240 1387.410 1352.673 1307.246 1245.817 1167.682 1077.921 986.324 904.807 843.211 806.482 795.535 806.853 833.036
390.119 559.668 725.429 797.565 834.648 846.442 849.870 850.412 850.435 850.435 850.435 850.435 850.435 850.435 850.435 850.435 850.435 850.435 850.435 850.435 850.435 847.898 841.778 834.616 833.292 849.089 892.492 965.035 1057.378 1152.779 1232.028 1283.548 1306.667 1309.468 1303.336 1298.063 1299.212 1308.393 1324.853 1346.885 1372.523 1399.676 1426.233 1450.123 1469.282 1481.663 1485.576 1479.994 1464.939 1441.660 1413.005 1381.990 1349.883 1315.155 1273.755 1221.088 1155.567 1080.124 1002.118 931.663 877.906 846.062 837.259 848.055 871.297
390.119 559.668 725.429 797.565 834.648 846.442 849.870 850.412 850.435 850.435 850.435 850.435 850.435 850.435 850.435 850.435 850.435 850.435 850.435 850.435 850.435 847.878 841.786 834.740 833.421 848.649 890.143 958.798 1045.238 1133.481 1205.630 1251.586 1271.514 1273.414 1267.880 1263.656 1265.446 1274.481 1290.081 1310.868 1335.262 1361.441 1387.419 1411.025 1429.974 1441.985 1445.219 1438.629 1422.282 1397.428 1366.849 1333.813 1300.447 1266.676 1230.098 1187.117 1135.711 1077.086 1016.084 960.277 917.027 890.810 882.649 889.720 906.281
390.119 559.668 725.429 797.565 834.648 846.442 849.870 850.412 850.435 850.435 850.435 850.435 850.435 850.435 850.435 850.435 850.435 850.435 850.435 850.435 850.435 847.926 841.917 834.789 832.716 845.722 882.785 944.692 1022.792 1102.541 1167.756 1209.570 1228.368 1231.439 1228.201 1226.269 1229.615 1239.208 1254.497 1274.405 1297.623 1322.540 1347.214 1369.383 1386.586 1396.450 1397.197 1388.010 1369.264 1342.449 1310.358 1276.353 1243.051 1211.380 1180.265 1147.095 1109.753 1068.090 1024.646 984.245 952.008 931.255 922.862 924.993 933.911
390.119 559.668 725.429 797.565 834.648 846.442 849.870 850.412 850.435 850.435 850.435 850.435 850.435 850.435 850.435 850.435 850.435 850.435 850.435 850.435 850.435 848.047 842.225 834.995 831.830 841.745 872.977 926.583 995.165 1066.004 1124.802 1163.669 1182.719 1188.129 1187.968 1188.799 1194.022 1204.485 1219.759 1238.979 1261.019 1284.368 1307.103 1326.857 1341.073 1347.409 1344.334 1331.459 1309.663 1280.850 1247.913 1214.183 1182.443 1154.146 1129.066 1105.365 1080.920 1054.584 1026.977 1000.510 978.207 962.301 953.647 951.511 954.116
390.119 559.668 725.429 797.565 834.648 846.442 849.870 850.412 850.435 850.435 850.435 850.435 850.435 850.435 850.435 850.435 850.435 850.435 850.435 850.435 850.435 848.238 842.760 835.576 831.323 837.856 862.630 907.196 965.779 1027.756 1080.768 1117.688 1137.996 1146.446 1149.676 1153.319 1160.398 1171.750 1187.091 1205.682 1226.459 1247.950 1268.215 1284.824 1295.199 1297.162 1289.553 1272.538 1247.601 1217.169 1184.267 1152.120 1123.423 1099.725 1081.149 1066.284 1052.980 1039.360 1024.673 1009.519 995.364 983.644 975.314 970.577 969.184
390.119 559.668 725.429 797.565 834.648 846.442 849.870 850.412 850.435 850.435 850.435 850.435 850.435 850.435 850.435 850.435 850.435 850.435 850.435 850.435 850.435 848.499 843.548 836.641 831.490 834.674 852.825 888.096 936.632 990.073 1038.026 1073.936 1096.353 1108.345 1115.098 1121.424 1130.164 1142.283 1157.638 1175.546 1194.912 1214.243 1231.583 1244.515 1250.548 1247.799 1235.553 1214.567 1186.953 1155.629 1123.775 1094.461 1070.111 1052.052 1040.323 1033.582 1029.563 1025.901 1020.985 1014.314 1006.380 998.174 990.778 985.063 981.773
390.119 559.668 725.429 797.565 834.648 846.442 849.870 850.412 850.435 850.435 850.435 850.435 850.435 850.435 850.435 850.435 850.435 850.435 850.435 850.435 850.435 848.817 844.564 838.175 832.368 832.406 844.055 870.137 908.919 954.421 998.173 1033.996 1059.267 1075.220 1085.550 1094.381 1104.547 1117.251 1132.495 1149.579 1167.320 1184.166 1198.187 1207.075 1208.580 1201.191 1184.695 1160.417 1131.001 1099.760 1069.983 1044.553 1025.525 1013.794 1009.035 1009.689 1013.288 1017.149 1019.228 1018.498 1014.997 1009.522 1003.294 997.577 993.673
390.119 559.668 725.429 797.565 834.648 846.442 849.870 850.412 850.435 850.435 850.435 850.435 850.435 850.435 850.435 850.435 850.435 850.435 850.435 850.435 850.435 849.167 845.732 840.041 833.794 830.951 836.451 853.810 883.489 921.930 962.458 999.085 1027.862 1048.117 1062.090 1073.319 1084.743 1097.878 1112.857 1128.909 1144.720 1158.697 1169.005 1173.585 1170.546 1158.866 1138.828 1112.237 1082.120 1052.032 1025.272 1004.486 991.315 986.123 988.089 995.290 1005.019 1014.426 1021.305 1024.464 1023.809 1020.113 1014.726 1009.156 1005.040
390.119 559.668 725.429 797.565 834.648 846.442 849.870 850.412 850.435 850.435 850.435 850.435 850.435 850.435 850.435 850.435 850.435 850.435 850.435 850.435 850.435 849.509 846.915 842.005 835.489 830.142 830.154 839.717 861.378 893.896 932.195 970.361 1003.072 1027.853 1045.561 1059.203 1071.849 1085.331 1099.857 1114.554 1128.008 1138.632 1144.792 1144.816 1137.323 1121.822 1099.087 1071.271 1041.609 1013.693 990.704 974.986 967.732 968.769 976.757 989.395 1003.771 1016.968 1026.806 1032.131 1032.886 1029.915 1024.695 1018.941 1014.514
390.119 559.668 725.429 797.565 834.648 846.442 849.870 850.412 850.435 850.435 850.435 850.435 850.435 850.435 850.435 850.435 850.435 850.435 850.435 850.435 850.435 849.813 847.996 843.874 837.272 829.943 825.456 828.566 843.621 871.457 908.399 948.549 985.368 1014.780 1036.340 1052.526 1066.464 1080.211 1094.032 1106.958 1117.512 1124.225 1125.791 1121.055 1109.241 1090.441 1065.861 1037.875 1009.727 984.842 966.122 955.520 953.777 960.231 973.098 989.762 1007.195 1022.514 1033.664 1039.641 1040.508 1037.238 1031.442 1025.030 1020.079
390.119 559.668 725.429 797.565 834.648 846.442 849.870 850.412 850.435 850.435 850.435 850.435 850.435 850.435 850.435 850.435 850.435 850.435 850.435 850.435 850.435 850.058 848.894 845.529 839.047 830.368 822.540 820.711 830.610 854.887 891.106 933.444 974.399 1008.503 1034.085 1053.011 1068.336 1082.246 1095.041 1105.708 1112.821 1115.122 1111.743 1102.151 1086.245 1064.684 1039.052 1011.816 986.052 964.812 950.549 944.733 947.655 958.257 974.461 993.482 1012.288 1028.134 1039.150 1044.520 1044.455 1040.062 1033.102 1025.684 1020.103
