prediction_s2s__medianmodel_07-Feb-2021_7thday.asc
ncols	141
nrows	288
xllcorner	-120191.398
yllcorner	-301404.813
cellsize	2000.000
NODATA_value	-999.250
[rows 29 to 57 of 288, columns 65 to 129 of 141]
1153.998 1169.825 1194.973 1230.246 1275.630 1329.907 1390.187 1451.762 1508.540 1553.735 1581.024 1585.846 1566.500 1524.613 1464.929 1394.298 1320.238 1249.446 1186.747 1134.718 1094.025 1064.054 1043.581 1031.283 1026.021 1026.800 1032.689 1042.724 1055.680 1069.852 1083.131 1093.299 1098.380 1097.146 1089.501 1076.471 1059.876 1041.918 1024.603 1009.368 996.960 987.505 980.642 975.763 972.151 968.986 965.401 960.555 953.685 944.262 932.191 917.835 901.894 885.228 868.568 852.348 836.645 821.558 807.508 795.543 787.250 784.570 789.143 801.882 822.633
1134.781 1150.644 1175.827 1210.504 1253.956 1304.353 1358.424 1411.478 1457.941 1492.022 1508.794 1505.201 1480.886 1438.303 1382.362 1319.387 1255.819 1197.043 1146.609 1106.065 1075.409 1053.717 1039.767 1032.458 1030.990 1034.758 1043.184 1055.542 1070.678 1086.825 1101.689 1112.835 1118.112 1116.249 1107.208 1092.171 1073.188 1052.706 1033.000 1015.768 1002.015 992.031 985.490 981.664 979.593 978.147 976.192 972.724 966.955 958.422 947.129 933.512 918.307 902.352 886.366 870.798 855.819 841.633 828.747 818.226 811.641 810.817 817.289 831.952 854.656
1111.685 1127.402 1152.216 1185.737 1226.642 1272.587 1320.070 1364.546 1401.073 1424.918 1432.491 1422.126 1394.584 1352.910 1301.961 1247.406 1194.621 1147.778 1109.312 1079.919 1059.023 1045.447 1037.957 1035.626 1037.945 1044.649 1055.471 1069.925 1086.959 1104.823 1121.173 1133.484 1139.539 1138.044 1128.962 1113.484 1093.711 1072.166 1051.260 1032.904 1018.351 1008.091 1001.882 998.921 998.029 997.808 996.873 994.094 988.688 980.299 969.061 955.536 940.507 924.821 909.156 893.950 879.420 865.858 853.855 844.505 839.358 840.114 848.142 864.237 888.205
1087.356 1102.564 1126.452 1158.175 1195.947 1237.055 1277.890 1314.164 1341.589 1356.462 1356.418 1340.997 1311.839 1272.375 1227.258 1181.462 1139.346 1104.015 1076.961 1058.162 1046.579 1040.817 1039.603 1042.147 1048.158 1057.651 1070.627 1086.826 1105.361 1124.602 1142.307 1156.016 1163.550 1163.604 1156.050 1141.930 1123.189 1102.254 1081.547 1063.127 1048.481 1038.303 1032.457 1030.091 1029.847 1030.095 1029.266 1026.163 1020.065 1010.778 998.630 984.338 968.782 952.822 937.089 921.969 907.664 894.504 883.131 874.655 870.596 872.531 881.637 898.549 922.979
1064.458 1078.600 1100.831 1130.020 1164.075 1200.082 1234.440 1263.168 1282.625 1290.031 1284.086 1265.306 1235.988 1199.764 1160.992 1123.948 1092.088 1067.592 1051.172 1042.219 1039.327 1040.899 1045.630 1052.802 1062.286 1074.306 1089.107 1106.660 1126.303 1146.650 1165.694 1181.174 1191.029 1193.931 1189.570 1178.675 1162.876 1144.349 1125.421 1108.233 1094.448 1084.934 1079.627 1077.621 1077.402 1077.166 1075.252 1070.493 1062.315 1050.791 1036.500 1020.379 1003.448 986.595 970.393 955.122 940.916 928.047 917.137 909.273 905.900 908.456 917.938 934.802 958.644
1045.071 1057.428 1077.156 1103.001 1132.759 1163.462 1191.629 1213.632 1226.415 1227.992 1217.916 1197.438 1169.284 1137.126 1104.959 1076.406 1054.130 1039.553 1032.755 1032.677 1037.623 1045.846 1055.986 1067.359 1079.946 1094.132 1110.385 1128.928 1149.398 1170.740 1191.302 1209.100 1222.229 1229.315 1229.776 1223.925 1212.956 1198.698 1183.300 1168.899 1157.247 1149.281 1144.917 1143.157 1142.327 1140.518 1136.101 1128.080 1116.172 1100.827 1082.993 1063.868 1044.649 1026.263 1009.201 993.599 979.434 966.822 956.263 948.729 945.527 947.948 956.846 972.549 994.590
1030.325 1040.135 1056.499 1078.209 1103.114 1128.354 1150.670 1166.825 1174.288 1171.718 1159.287 1138.719 1112.938 1085.504 1059.994 1039.431 1025.823 1019.993 1021.549 1029.114 1040.799 1054.737 1069.519 1084.462 1099.613 1115.499 1132.807 1152.049 1173.222 1195.671 1218.140 1238.967 1256.394 1268.956 1275.747 1276.622 1272.277 1264.154 1254.164 1244.332 1236.348 1231.061 1228.237 1226.695 1224.611 1220.073 1211.628 1198.631 1181.252 1160.472 1137.679 1114.411 1092.046 1071.548 1053.283 1037.203 1023.046 1010.661 1000.310 992.743 989.066 990.435 997.652 1011.017 1030.096
1020.245 1026.840 1039.116 1056.041 1075.661 1095.371 1112.240 1123.449 1126.943 1121.863 1108.773 1089.609 1067.254 1045.002 1025.981 1012.678 1006.575 1008.071 1016.462 1030.191 1047.255 1065.719 1084.122 1101.775 1118.770 1135.781 1153.734 1173.470 1195.382 1219.245 1244.202 1268.885 1291.645 1310.888 1325.368 1334.466 1338.405 1338.224 1335.526 1332.101 1329.392 1327.970 1327.302 1325.956 1321.992 1313.604 1299.688 1280.126 1255.730 1228.109 1199.195 1170.870 1144.701 1121.641 1101.907 1085.204 1070.961 1058.675 1048.261 1040.169 1035.271 1034.630 1039.125 1049.158 1064.426
1013.903 1016.842 1024.587 1036.361 1050.527 1064.835 1076.768 1083.969 1084.794 1078.718 1066.477 1049.969 1031.825 1014.948 1001.984 994.955 994.966 1002.152 1015.658 1033.862 1054.736 1076.313 1097.100 1116.404 1134.379 1151.863 1170.056 1190.162 1212.988 1238.725 1266.880 1296.310 1325.419 1352.442 1375.793 1394.426 1408.098 1417.442 1423.680 1428.226 1432.098 1435.426 1437.290 1435.992 1429.551 1416.401 1395.939 1368.721 1336.308 1301.015 1265.333 1231.483 1201.180 1175.325 1153.928 1136.411 1121.847 1109.327 1098.377 1089.124 1082.224 1078.740 1079.731 1085.809 1096.845
1009.821 1008.982 1012.122 1018.764 1027.646 1036.955 1044.644 1048.812 1048.174 1042.401 1032.213 1019.258 1005.747 994.092 986.458 984.481 989.027 1000.120 1016.891 1037.756 1060.732 1083.860 1105.648 1125.418 1143.423 1160.695 1178.739 1199.144 1223.128 1251.265 1283.353 1318.416 1354.825 1390.614 1423.860 1453.099 1477.642 1497.663 1513.920 1527.326 1538.349 1546.635 1550.877 1549.217 1539.767 1521.327 1493.898 1458.768 1418.253 1375.350 1333.045 1293.854 1259.551 1230.929 1207.765 1189.168 1173.860 1160.551 1148.418 1137.310 1127.757 1120.895 1118.011 1119.930 1126.677
1006.414 1002.013 1000.855 1002.773 1006.912 1011.912 1016.206 1018.331 1017.288 1012.827 1005.492 996.536 987.645 980.689 977.387 979.078 986.500 999.696 1017.879 1039.593 1062.942 1086.035 1107.405 1126.440 1143.514 1159.897 1177.419 1198.058 1223.425 1254.437 1291.125 1332.600 1377.147 1422.541 1466.490 1507.090 1543.148 1574.308 1600.775 1622.880 1640.573 1653.088 1658.931 1656.263 1643.470 1619.823 1585.925 1543.709 1496.135 1446.711 1398.812 1355.123 1317.417 1286.316 1261.351 1241.356 1224.751 1209.984 1195.999 1182.490 1169.938 1159.592 1152.903 1150.801 1153.341
1002.320 994.848 990.014 987.944 988.170 989.767 991.618 992.631 992.025 989.519 985.390 980.411 975.705 972.622 972.475 976.402 985.111 998.731 1016.647 1037.559 1059.713 1081.314 1100.974 1118.177 1133.452 1148.324 1164.957 1185.710 1212.572 1246.768 1288.521 1336.970 1390.250 1445.814 1500.920 1553.118 1600.616 1642.422 1678.150 1707.605 1730.366 1745.532 1751.705 1747.357 1731.304 1703.307 1664.441 1617.073 1564.536 1510.634 1458.910 1412.116 1371.945 1338.844 1312.134 1290.455 1272.061 1255.294 1239.032 1222.927 1207.462 1193.932 1183.770 1177.807 1176.007
996.681 986.816 979.115 973.966 971.244 970.419 970.747 971.429 971.810 971.523 970.518 969.088 967.824 967.600 969.421 974.277 982.914 995.602 1011.910 1030.739 1050.485 1069.486 1086.447 1100.973 1113.765 1126.592 1141.948 1162.557 1190.789 1228.166 1275.079 1330.666 1392.844 1458.648 1524.759 1588.033 1645.957 1696.839 1739.740 1774.120 1799.500 1815.213 1820.323 1813.861 1795.180 1764.439 1722.958 1673.212 1618.572 1562.840 1509.531 1461.347 1419.861 1385.385 1357.143 1333.712 1313.355 1294.470 1276.010 1257.628 1239.770 1223.606 1210.295 1200.390 1193.687
989.201 977.701 967.990 960.691 955.968 953.610 953.172 954.056 955.668 957.505 959.206 960.619 961.892 963.512 966.244 971.010 978.618 989.491 1003.398 1019.427 1036.135 1051.976 1065.750 1077.158 1087.047 1097.408 1111.035 1131.023 1160.124 1200.189 1251.785 1314.031 1384.560 1459.880 1535.947 1608.795 1675.090 1732.470 1779.578 1815.836 1841.076 1855.247 1858.176 1849.627 1829.469 1798.105 1756.793 1707.776 1654.135 1599.388 1546.842 1499.062 1457.529 1422.506 1393.260 1368.474 1346.566 1326.117 1306.182 1286.358 1266.904 1248.634 1232.213 1217.852 1205.262
980.074 967.669 956.735 948.094 942.155 938.956 938.274 939.637 942.454 946.079 949.868 953.314 956.217 958.788 961.640 965.678 971.802 980.595 992.006 1005.284 1019.107 1031.989 1042.758 1051.134 1058.036 1065.626 1076.978 1095.566 1124.568 1166.203 1221.255 1288.804 1366.157 1449.193 1533.040 1612.829 1684.431 1744.951 1792.887 1827.937 1850.609 1861.721 1862.027 1852.011 1831.931 1802.189 1763.734 1718.285 1668.385 1617.102 1567.412 1521.726 1481.491 1447.012 1417.749 1392.635 1370.327 1349.578 1329.471 1309.359 1289.092 1268.946 1249.048 1229.396 1209.887
969.880 957.203 945.675 936.299 929.699 926.118 925.488 927.411 931.260 936.236 941.470 946.180 949.937 952.781 955.276 958.375 963.107 970.223 979.832 991.290 1003.301 1014.316 1023.048 1029.089 1033.310 1037.960 1046.372 1062.436 1089.821 1131.184 1187.579 1258.044 1339.516 1427.219 1515.419 1598.416 1671.452 1731.370 1776.826 1808.117 1826.617 1834.097 1832.146 1821.787 1803.440 1777.289 1743.782 1703.989 1659.828 1613.847 1568.692 1526.619 1489.097 1456.569 1428.771 1404.936 1383.960 1364.664 1345.938 1326.645 1306.033 1283.761 1259.613 1233.714 1206.549
959.505 947.027 935.321 925.582 918.645 914.939 914.524 917.021 921.730 927.698 933.856 939.237 943.275 945.970 947.942 950.285 954.231 960.721 970.008 981.473 993.714 1004.916 1013.436 1018.517 1020.789 1022.479 1027.171 1039.226 1062.892 1101.372 1156.035 1225.913 1307.589 1395.663 1483.675 1565.297 1635.453 1691.056 1731.240 1757.077 1770.817 1775.023 1771.832 1762.503 1747.338 1726.155 1698.840 1665.857 1628.554 1589.042 1549.665 1512.581 1479.263 1450.313 1425.710 1404.968 1387.124 1370.910 1354.806 1336.980 1316.000 1291.060 1261.948 1229.364 1194.729
950.006 938.002 926.309 916.353 909.217 905.533 905.467 908.620 914.181 920.998 927.817 933.525 937.520 939.876 941.411 943.492 947.654 955.100 966.224 980.350 995.768 1010.122 1021.097 1027.257 1028.751 1027.658 1027.789 1034.047 1051.385 1083.655 1132.645 1197.439 1274.366 1357.554 1440.073 1515.306 1578.243 1626.216 1659.052 1678.615 1687.862 1689.794 1686.693 1679.674 1668.704 1653.161 1632.443 1606.564 1576.508 1544.060 1511.379 1480.483 1452.785 1428.932 1409.048 1392.814 1379.328 1367.092 1354.058 1337.684 1315.939 1287.834 1253.613 1214.893 1174.194
942.548 931.066 919.353 909.138 901.826 898.286 898.781 902.860 909.509 917.334 924.850 930.831 934.699 936.735 938.103 940.615 946.266 956.629 972.258 992.328 1014.595 1035.818 1052.597 1062.452 1064.755 1061.270 1056.020 1054.532 1062.593 1084.839 1123.594 1178.145 1244.735 1317.298 1388.771 1452.668 1504.417 1542.053 1566.170 1579.305 1584.786 1585.643 1583.856 1580.082 1573.784 1563.914 1549.544 1530.477 1507.532 1482.371 1456.974 1433.163 1412.130 1394.398 1380.045 1368.838 1359.879 1351.432 1340.987 1325.468 1302.522 1271.329 1232.910 1189.906 1145.826
938.327 927.225 915.296 904.674 897.166 893.940 895.349 900.815 909.047 918.311 926.836 933.274 937.135 939.022 940.614 944.362 952.916 968.362 991.459 1021.145 1054.391 1086.695 1113.128 1129.725 1134.765 1129.516 1118.177 1106.982 1102.684 1110.861 1134.565 1173.493 1224.066 1280.364 1335.589 1383.757 1421.033 1446.294 1460.865 1467.701 1470.137 1470.823 1471.101 1470.939 1469.247 1464.610 1455.971 1443.123 1426.917 1408.986 1391.142 1374.843 1360.883 1349.461 1340.461 1333.668 1328.238 1322.344 1313.278 1297.798 1273.609 1240.337 1199.828 1155.529 1111.529
938.577 927.593 915.178 903.974 896.288 893.633 896.428 903.905 914.387 925.705 935.727 942.964 947.072 949.077 951.338 957.158 970.051 992.774 1026.362 1069.441 1117.947 1165.729 1205.874 1232.506 1242.456 1236.302 1218.358 1195.623 1175.962 1166.099 1170.042 1188.206 1217.542 1252.626 1287.273 1316.275 1336.683 1348.193 1352.701 1353.287 1352.989 1353.788 1356.193 1359.396 1361.767 1361.633 1357.932 1350.607 1340.630 1329.631 1319.171 1310.206 1302.954 1297.156 1292.402 1288.490 1284.756 1279.538 1270.332 1254.249 1229.418 1196.014 1156.484 1114.576 1074.322
944.504 933.412 920.310 908.453 900.717 898.988 903.729 913.896 927.341 941.357 953.397 961.809 966.438 968.839 972.207 980.898 999.484 1031.557 1078.499 1138.543 1206.361 1273.802 1331.572 1371.464 1388.561 1382.525 1357.695 1321.844 1284.089 1252.527 1232.458 1225.385 1229.172 1239.226 1250.216 1257.818 1259.933 1256.929 1251.016 1245.166 1241.890 1242.372 1246.265 1252.020 1257.543 1260.984 1261.358 1258.791 1254.385 1249.701 1245.959 1243.513 1241.960 1240.523 1238.506 1235.725 1231.812 1225.568 1215.127 1198.382 1174.130 1143.003 1107.599 1071.366 1037.748
957.191 946.000 932.281 919.946 912.493 912.173 919.457 932.960 949.970 967.194 981.625 991.454 996.769 999.756 1004.586 1016.843 1042.329 1085.585 1148.381 1228.473 1319.069 1409.753 1488.518 1544.535 1570.827 1565.937 1534.062 1483.753 1425.492 1369.029 1321.352 1285.489 1260.589 1243.167 1228.843 1214.117 1197.531 1179.854 1163.345 1150.668 1143.720 1142.921 1147.150 1154.249 1161.769 1167.737 1171.256 1172.603 1172.917 1173.596 1175.479 1178.340 1181.213 1182.873 1182.354 1179.466 1174.204 1166.042 1154.053 1137.167 1114.944 1088.249 1059.346 1030.915 1005.454
977.403 966.581 952.783 940.575 934.047 935.785 946.222 963.578 984.547 1005.212 1022.112 1033.323 1039.247 1042.810 1049.293 1065.641 1098.997 1154.909 1235.513 1337.996 1453.962 1570.563 1672.884 1747.237 1784.350 1781.395 1742.272 1676.238 1595.300 1511.185 1432.990 1365.735 1310.232 1264.269 1224.382 1187.672 1152.992 1121.149 1094.192 1074.332 1062.874 1059.599 1062.800 1069.887 1078.161 1085.573 1091.280 1095.603 1099.612 1104.468 1110.660 1117.520 1123.668 1127.508 1127.834 1124.396 1117.526 1107.464 1094.347 1078.209 1059.272 1038.361 1017.060 997.033 979.731
1005.464 996.065 983.318 972.346 967.751 972.381 986.581 1008.158 1033.209 1057.217 1076.311 1088.528 1094.679 1098.547 1106.658 1127.402 1169.286 1238.846 1338.516 1464.794 1607.610 1751.633 1878.963 1972.925 2021.778 2021.090 1974.258 1891.207 1785.585 1671.456 1560.485 1460.127 1373.188 1298.829 1234.361 1177.150 1125.947 1081.206 1044.494 1017.483 1000.954 994.216 995.201 1001.073 1008.994 1016.867 1023.835 1030.162 1036.750 1044.507 1053.678 1063.350 1071.896 1077.442 1078.551 1074.833 1066.889 1055.688 1042.377 1027.921 1012.976 998.116 984.115 971.658 961.313
1041.048 1034.698 1024.691 1016.548 1015.225 1023.733 1042.287 1068.291 1097.287 1124.214 1144.884 1157.401 1163.106 1166.771 1176.265 1201.461 1252.195 1335.876 1455.074 1605.500 1775.395 1946.991 2099.464 2213.156 2273.739 2274.991 2219.626 2118.162 1986.028 1839.936 1694.567 1560.205 1441.923 1340.291 1253.193 1177.897 1112.609 1057.042 1012.024 978.610 957.112 946.541 944.662 948.565 955.379 962.986 970.461 977.927 986.060 995.556 1006.561 1018.104 1028.438 1035.485 1037.606 1034.224 1026.140 1014.947 1002.554 990.486 979.571 970.029 961.899 955.151 949.793
1083.098 1081.784 1076.568 1073.130 1076.601 1090.020 1113.441 1143.896 1176.445 1205.587 1226.950 1238.832 1243.239 1246.047 1256.552 1286.081 1345.663 1443.398 1581.788 1755.662 1951.615 2149.584 2325.996 2458.319 2529.600 2531.713 2466.564 2345.225 2185.012 2005.553 1824.865 1656.387 1507.646 1380.615 1273.554 1183.277 1107.055 1043.490 992.442 954.245 928.779 914.861 910.248 912.094 917.583 924.605 932.140 940.118 948.977 959.294 971.218 983.833 995.341 1003.567 1006.691 1004.040 996.576 986.332 975.621 966.160 958.718 953.156 949.029 945.927 943.607
1129.851 1135.542 1137.134 1140.232 1149.918 1169.148 1197.764 1232.490 1268.004 1298.493 1319.544 1329.801 1332.058 1333.401 1344.560 1378.219 1446.409 1557.664 1714.206 1909.884 2129.758 2351.668 2549.552 2698.214 2778.180 2779.377 2702.880 2560.300 2370.909 2157.403 1941.345 1739.509 1561.945 1412.008 1288.138 1186.432 1102.893 1034.735 980.646 940.126 912.589 896.716 890.334 890.739 895.256 901.812 909.296 917.434 926.456 936.885 948.901 961.669 973.410 981.958 985.458 983.321 976.691 967.835 959.100 952.092 947.332 944.411 942.644 941.521 940.764
1178.910 1193.080 1203.009 1214.000 1230.914 1256.489 1290.345 1328.946 1366.697 1397.626 1417.422 1425.223 1424.715 1424.243 1435.936 1473.652 1550.167 1674.141 1847.294 2062.436 2303.187 2545.552 2761.296 2922.886 3008.551 3006.433 2916.841 2751.974 2533.042 2285.840 2035.490 1802.090 1598.184 1428.394 1291.217 1181.830 1094.780 1025.718 972.015 932.212 905.202 889.485 882.954 883.089 887.391 893.891 901.439 909.593 918.429 928.409 939.700 951.514 962.185 969.718 972.507 970.235 964.243 956.794 949.977 945.032 942.157 940.767 940.151 939.874 939.732
