prediction_s2s__medianmodel_07-Feb-2021_3rdday.asc
ncols	141
nrows	288
xllcorner	-120191.398
yllcorner	-301404.813
cellsize	2000.000
NODATA_value	-999.250
[rows 168 to 195 of 288, columns 63 to 125 of 141]
952.902 946.283 941.024 936.428 931.914 927.445 923.790 922.279 924.322 930.875 942.084 957.213 974.897 993.239 1010.002 1022.795 1029.403 1028.137 1018.456 1001.224 978.688 953.885 930.009 909.720 894.857 886.266 884.003 887.463 895.744 908.017 923.718 943.059 966.962 995.718 1027.510 1058.403 1084.031 1102.393 1115.441 1128.075 1144.587 1164.633 1182.389 1189.655 1181.427 1159.416 1131.588 1107.626 1094.339 1092.713 1098.897 1107.436 1114.461 1118.563 1120.213 1120.588 1120.624 1120.624 1120.624 1120.624 1120.624 1120.624 1120.624
926.495 918.501 912.393 907.756 904.173 901.558 900.441 901.813 906.790 916.162 930.107 948.036 968.794 990.665 1011.507 1028.873 1040.363 1043.987 1038.847 1025.500 1006.000 983.329 960.733 940.975 925.939 916.460 912.514 913.433 918.313 926.491 937.827 953.175 974.138 1001.614 1034.300 1068.633 1100.443 1127.467 1150.876 1174.447 1201.137 1229.125 1251.206 1257.912 1243.687 1210.835 1169.230 1131.206 1106.197 1096.763 1099.094 1106.517 1113.712 1118.241 1120.140 1120.581 1120.624 1120.624 1120.624 1120.624 1120.624 1120.624 1120.624
906.549 896.898 889.269 883.632 879.868 877.964 878.287 881.500 888.372 899.449 914.851 934.123 956.336 980.054 1003.366 1023.946 1039.372 1047.489 1047.142 1038.566 1023.542 1004.818 985.481 968.135 954.511 945.310 940.445 939.318 941.248 945.926 953.652 965.715 984.015 1009.763 1042.126 1078.219 1114.462 1148.606 1181.044 1214.293 1249.940 1284.994 1311.361 1318.724 1300.879 1260.207 1207.691 1157.600 1121.681 1104.221 1101.875 1107.221 1113.788 1118.243 1120.150 1120.580 1120.624 1120.624 1120.624 1120.624 1120.624 1120.624 1120.624
892.502 881.332 871.996 864.861 860.159 858.052 858.816 862.834 870.518 882.135 897.708 916.907 939.082 963.169 987.601 1010.293 1028.902 1041.194 1045.779 1042.558 1032.931 1019.272 1004.311 990.357 978.902 970.525 965.206 962.592 962.393 964.723 970.230 980.341 996.877 1021.041 1052.339 1088.610 1127.015 1165.488 1203.827 1243.474 1284.963 1324.632 1354.069 1362.556 1343.339 1298.487 1239.287 1181.064 1137.111 1113.149 1106.448 1109.332 1114.682 1118.583 1120.248 1120.592 1120.624 1120.624 1120.624 1120.624 1120.624 1120.624 1120.624
884.151 872.033 861.283 852.593 846.543 843.504 843.761 847.497 854.834 865.779 880.279 898.151 919.081 942.445 967.098 991.242 1012.647 1028.993 1038.613 1041.009 1037.086 1028.728 1018.229 1007.581 998.128 990.501 984.916 981.431 980.195 981.677 986.664 996.417 1012.367 1035.424 1065.267 1100.380 1138.641 1178.340 1218.973 1261.280 1305.092 1346.476 1377.029 1386.056 1366.598 1320.465 1258.758 1197.031 1149.125 1121.450 1111.699 1112.345 1116.201 1119.201 1120.419 1120.614 1120.624 1120.624 1120.624 1120.624 1120.624 1120.624 1120.624
881.487 869.233 857.667 847.666 840.088 835.545 834.423 836.836 842.714 851.889 864.275 879.882 898.767 920.781 945.217 970.579 994.710 1015.135 1029.833 1037.772 1039.257 1035.609 1028.714 1020.382 1012.021 1004.565 998.666 994.864 993.691 995.799 1001.872 1012.755 1029.272 1051.876 1080.250 1113.336 1149.681 1188.043 1227.987 1269.900 1313.167 1353.633 1382.978 1390.905 1370.871 1324.912 1263.920 1202.998 1155.462 1127.400 1116.491 1115.594 1117.988 1119.947 1120.620 1120.641 1120.624 1120.624 1120.624 1120.624 1120.624 1120.624 1120.624
884.347 872.780 861.066 850.125 841.015 834.607 831.471 831.775 835.374 842.010 851.623 864.432 880.885 901.301 925.403 951.955 978.833 1003.332 1022.959 1036.043 1042.192 1042.150 1037.478 1029.998 1021.451 1013.323 1006.839 1003.029 1002.695 1006.475 1014.743 1027.803 1045.792 1068.626 1095.860 1126.708 1160.238 1195.797 1233.299 1273.009 1313.881 1351.343 1377.047 1381.477 1359.360 1313.699 1255.414 1198.697 1155.323 1129.993 1119.888 1118.372 1119.621 1120.616 1120.785 1120.662 1120.624 1120.624 1120.624 1120.624 1120.624 1120.624 1120.624
892.277 882.021 870.705 859.215 848.740 840.408 835.031 832.908 833.915 837.764 844.444 854.379 868.376 887.179 910.905 938.561 968.007 996.279 1020.354 1037.874 1047.705 1050.033 1046.192 1038.188 1028.282 1018.651 1011.167 1007.294 1007.992 1013.762 1024.598 1040.222 1060.145 1083.761 1110.392 1139.351 1170.099 1202.551 1237.061 1273.796 1311.104 1343.780 1363.488 1362.033 1336.218 1290.704 1236.552 1186.565 1150.097 1129.721 1121.808 1120.405 1120.865 1121.094 1120.890 1120.675 1120.624 1120.624 1120.624 1120.624 1120.624 1120.624 1120.624
904.653 896.066 885.538 873.871 862.377 852.418 845.051 840.736 839.399 840.754 844.831 852.214 863.995 881.278 904.512 932.916 964.369 995.675 1023.337 1044.329 1056.831 1060.507 1056.520 1047.120 1035.134 1023.435 1014.492 1010.148 1011.448 1018.735 1031.682 1049.560 1071.368 1096.038 1122.602 1150.290 1178.813 1208.548 1240.184 1273.667 1306.553 1332.941 1344.807 1335.897 1305.678 1260.693 1211.972 1170.403 1142.313 1127.857 1122.697 1121.738 1121.668 1121.359 1120.926 1120.678 1120.624 1120.624 1120.624 1120.624 1120.624 1120.624 1120.624
921.079 914.303 904.795 893.320 881.285 870.273 861.547 855.700 852.699 852.256 854.409 859.835 869.817 885.713 908.224 936.776 969.316 1002.540 1032.614 1055.994 1070.281 1074.681 1070.174 1059.187 1044.995 1031.033 1020.242 1014.753 1015.714 1023.409 1037.335 1056.529 1079.661 1105.285 1132.103 1159.130 1186.159 1213.844 1242.977 1273.061 1300.776 1319.716 1322.696 1305.940 1271.770 1228.344 1186.204 1153.811 1134.281 1125.532 1122.934 1122.433 1122.023 1121.410 1120.903 1120.672 1120.624 1120.624 1120.624 1120.624 1120.624 1120.624 1120.624
941.435 936.449 928.076 917.101 905.045 893.655 884.345 877.798 873.999 872.639 873.727 877.956 886.679 901.387 922.951 950.983 983.579 1017.469 1048.689 1073.403 1088.793 1093.661 1088.771 1076.555 1060.512 1044.401 1031.472 1024.067 1023.475 1030.069 1043.421 1062.559 1086.045 1112.171 1139.310 1166.166 1192.454 1218.822 1245.837 1272.336 1294.201 1304.957 1298.955 1275.173 1238.490 1198.052 1163.235 1139.731 1127.731 1123.562 1122.816 1122.592 1121.992 1121.290 1120.834 1120.659 1120.624 1120.624 1120.624 1120.624 1120.624 1120.624 1120.624
965.589 962.211 954.948 944.661 932.982 921.785 912.575 906.091 902.329 900.949 901.890 905.780 913.925 927.807 948.378 975.406 1007.191 1040.667 1071.941 1097.092 1113.053 1118.317 1113.357 1100.448 1083.070 1065.053 1049.767 1039.701 1036.343 1040.313 1051.475 1069.106 1091.862 1117.899 1145.292 1172.388 1198.625 1224.320 1249.433 1271.996 1287.334 1289.622 1275.342 1246.237 1209.044 1173.019 1145.693 1129.936 1123.647 1122.475 1122.667 1122.458 1121.758 1121.108 1120.761 1120.646 1120.624 1120.624 1120.624 1120.624 1120.624 1120.624 1120.624
992.996 990.849 984.487 974.887 963.782 953.123 944.473 938.618 935.569 934.969 936.660 941.123 949.491 963.118 982.944 1008.855 1039.398 1071.787 1102.354 1127.267 1143.366 1148.892 1144.027 1130.761 1112.367 1092.556 1074.684 1061.332 1054.223 1054.356 1062.069 1077.063 1098.256 1123.761 1151.397 1179.078 1205.746 1231.053 1254.086 1272.101 1280.388 1274.504 1253.399 1221.147 1185.451 1154.744 1134.297 1124.485 1121.841 1122.114 1122.500 1122.148 1121.441 1120.923 1120.699 1120.636 1120.624 1120.624 1120.624 1120.624 1120.624 1120.624 1120.624
1022.562 1021.037 1015.158 1006.024 995.451 985.437 977.586 972.745 970.965 971.872 975.186 981.158 990.647 1004.780 1024.396 1049.468 1078.772 1109.840 1139.303 1163.487 1179.256 1184.691 1179.707 1165.985 1146.501 1124.750 1103.996 1086.901 1075.459 1071.118 1074.773 1086.646 1105.971 1130.841 1158.791 1187.202 1214.291 1238.828 1258.983 1271.571 1272.574 1259.479 1233.602 1200.573 1168.062 1142.940 1128.181 1122.325 1121.490 1122.080 1122.229 1121.733 1121.113 1120.768 1120.653 1120.628 1120.624 1120.624 1120.624 1120.624 1120.624 1120.624 1120.624
1052.747 1051.035 1045.031 1035.970 1025.717 1016.303 1009.384 1005.881 1005.908 1009.061 1014.881 1023.311 1034.854 1050.331 1070.438 1095.176 1123.543 1153.351 1181.522 1204.588 1219.489 1224.238 1218.546 1203.833 1182.796 1158.713 1134.759 1113.706 1097.845 1089.086 1088.861 1097.846 1115.524 1139.895 1168.087 1196.864 1223.591 1246.142 1262.052 1268.358 1262.380 1243.738 1215.568 1184.100 1156.017 1136.257 1125.792 1122.193 1121.868 1122.147 1121.927 1121.349 1120.867 1120.674 1120.628 1120.624 1120.624 1120.624 1120.624 1120.624 1120.624 1120.624 1120.624
1082.028 1079.251 1072.465 1063.016 1052.831 1043.955 1038.117 1036.325 1038.749 1044.897 1054.081 1065.848 1080.280 1097.849 1119.073 1143.988 1171.745 1200.417 1227.176 1248.753 1262.185 1265.505 1258.305 1241.837 1218.602 1191.722 1164.364 1139.461 1119.632 1107.178 1103.927 1110.809 1127.341 1151.225 1179.087 1207.032 1231.684 1250.348 1260.561 1260.250 1248.443 1226.618 1198.841 1170.905 1147.935 1132.917 1125.446 1122.900 1122.407 1122.184 1121.661 1121.084 1120.737 1120.639 1120.624 1120.624 1120.624 1120.624 1120.624 1120.624 1120.624 1120.624 1120.624
1109.299 1104.704 1096.586 1086.399 1076.110 1067.807 1063.278 1063.619 1069.003 1078.810 1092.033 1107.775 1125.652 1145.784 1168.513 1193.885 1221.211 1248.774 1273.961 1293.687 1305.105 1306.305 1296.870 1277.965 1251.991 1222.030 1191.316 1163.022 1140.078 1125.067 1119.969 1125.647 1141.326 1164.205 1190.369 1215.452 1235.744 1248.631 1252.319 1246.066 1230.507 1208.290 1183.346 1160.296 1142.506 1131.378 1125.816 1123.606 1122.720 1122.075 1121.401 1120.901 1120.671 1120.628 1120.624 1120.624 1120.624 1120.624 1120.624 1120.624 1120.624 1120.624 1120.624
1133.834 1126.974 1117.227 1106.159 1095.769 1088.182 1085.245 1088.090 1096.844 1110.696 1128.266 1148.200 1169.652 1192.405 1216.651 1242.466 1269.299 1295.637 1319.056 1336.645 1345.691 1344.374 1332.311 1310.654 1281.789 1248.827 1215.152 1184.216 1159.225 1142.867 1136.968 1141.929 1156.366 1176.906 1199.284 1219.131 1233.090 1239.230 1236.832 1226.417 1209.722 1189.586 1169.113 1151.434 1138.374 1130.260 1125.928 1123.817 1122.650 1121.805 1121.147 1120.773 1120.638 1120.624 1120.624 1120.624 1120.624 1120.624 1120.624 1120.624 1120.624 1120.624 1120.624
1155.203 1146.041 1134.737 1122.931 1112.646 1106.015 1104.898 1110.404 1122.560 1140.328 1161.974 1185.725 1210.333 1235.318 1260.748 1286.749 1312.902 1337.882 1359.445 1374.852 1381.521 1377.734 1363.170 1338.980 1307.578 1272.135 1236.210 1203.540 1177.518 1160.716 1154.505 1158.460 1170.406 1186.545 1202.769 1215.468 1222.274 1222.287 1215.734 1203.875 1188.593 1172.228 1156.781 1144.078 1134.870 1128.975 1125.497 1123.521 1122.302 1121.478 1120.942 1120.699 1120.628 1120.624 1120.624 1120.624 1120.624 1120.624 1120.624 1120.624 1120.624 1120.624 1120.624
1174.148 1163.030 1150.585 1138.454 1128.641 1123.224 1123.995 1131.965 1147.031 1167.948 1192.719 1219.285 1246.134 1272.602 1298.689 1324.565 1349.928 1373.602 1393.500 1407.036 1411.755 1406.022 1389.564 1363.558 1330.413 1293.335 1256.028 1222.464 1196.075 1179.126 1172.237 1173.936 1181.287 1190.544 1198.550 1203.172 1203.497 1199.517 1191.845 1181.439 1169.558 1157.653 1146.860 1138.153 1131.767 1127.436 1124.635 1122.912 1121.837 1121.165 1120.792 1120.657 1120.624 1120.624 1120.624 1120.624 1120.624 1120.624 1120.624 1120.624 1120.624 1120.624 1120.624
1193.650 1181.184 1168.228 1156.360 1147.465 1143.463 1145.979 1155.864 1172.865 1195.633 1222.067 1250.024 1277.902 1304.987 1331.251 1356.882 1381.645 1404.459 1423.334 1435.780 1439.403 1432.637 1415.226 1388.336 1354.354 1316.451 1278.425 1244.385 1217.695 1200.101 1191.254 1188.580 1188.647 1188.449 1186.655 1183.227 1178.780 1173.749 1168.082 1161.459 1153.982 1146.335 1139.213 1133.344 1128.912 1125.739 1123.573 1122.215 1121.395 1120.928 1120.702 1120.638 1120.624 1120.624 1120.624 1120.624 1120.624 1120.624 1120.624 1120.624 1120.624 1120.624 1120.624
1218.132 1204.996 1192.218 1181.217 1173.636 1171.136 1175.064 1186.063 1203.783 1226.884 1253.385 1281.279 1309.078 1336.113 1362.379 1388.028 1412.811 1435.633 1454.500 1466.914 1470.491 1463.667 1446.184 1419.195 1385.049 1346.829 1308.371 1273.845 1246.404 1227.108 1214.495 1204.949 1194.948 1182.980 1170.270 1159.235 1151.839 1148.220 1146.743 1145.085 1142.071 1137.878 1133.316 1129.324 1126.247 1124.000 1122.469 1121.545 1121.024 1120.760 1120.650 1120.628 1120.624 1120.624 1120.624 1120.624 1120.624 1120.624 1120.624 1120.624 1120.624 1120.624 1120.624
1252.009 1238.813 1226.813 1217.147 1211.124 1210.046 1214.931 1226.203 1243.490 1265.617 1290.910 1317.692 1344.745 1371.526 1398.033 1424.339 1450.064 1473.973 1493.939 1507.340 1511.705 1505.443 1488.323 1461.521 1427.387 1388.942 1350.008 1314.719 1285.869 1263.700 1245.565 1226.964 1204.714 1179.344 1155.037 1136.706 1127.284 1126.118 1129.417 1132.647 1133.449 1131.829 1128.976 1126.222 1124.104 1122.596 1121.620 1121.071 1120.795 1120.671 1120.628 1120.624 1120.624 1120.624 1120.624 1120.624 1120.624 1120.624 1120.624 1120.624 1120.624 1120.624 1120.624
1297.526 1284.676 1273.806 1265.694 1261.237 1261.343 1266.711 1277.587 1293.670 1314.076 1337.562 1362.888 1389.166 1415.997 1443.341 1471.127 1498.725 1524.660 1546.528 1561.464 1566.855 1561.090 1544.029 1517.010 1482.505 1443.536 1403.915 1367.622 1336.944 1311.182 1286.466 1257.614 1222.052 1182.600 1146.403 1120.615 1108.871 1109.537 1116.654 1123.647 1127.254 1127.437 1125.773 1123.923 1122.549 1121.628 1121.082 1120.808 1120.687 1120.638 1120.624 1120.624 1120.624 1120.624 1120.624 1120.624 1120.624 1120.624 1120.624 1120.624 1120.624 1120.624 1120.624
1353.094 1340.745 1331.048 1324.379 1321.225 1322.132 1327.540 1337.632 1352.261 1370.886 1392.725 1416.964 1442.996 1470.510 1499.374 1529.299 1559.363 1587.716 1611.612 1627.878 1633.727 1627.597 1609.584 1581.373 1545.740 1505.830 1465.449 1428.285 1395.961 1366.699 1335.438 1296.461 1247.957 1194.943 1147.148 1113.625 1098.538 1099.418 1108.490 1117.635 1122.923 1124.276 1123.464 1122.319 1121.513 1121.027 1120.783 1120.678 1120.640 1120.628 1120.624 1120.624 1120.624 1120.624 1120.624 1120.624 1120.624 1120.624 1120.624 1120.624 1120.624 1120.624 1120.624
1413.071 1401.126 1392.323 1386.648 1384.251 1385.419 1390.468 1399.637 1412.992 1430.343 1451.260 1475.239 1501.805 1530.636 1561.442 1593.665 1626.056 1656.393 1681.555 1698.067 1703.045 1695.104 1674.762 1644.268 1606.871 1565.954 1525.247 1487.988 1454.903 1423.039 1386.219 1338.396 1278.602 1213.809 1155.772 1114.924 1095.834 1095.395 1104.557 1114.282 1120.228 1122.201 1121.976 1121.348 1120.939 1120.731 1120.651 1120.628 1120.624 1120.624 1120.624 1120.624 1120.624 1120.624 1120.624 1120.624 1120.624 1120.624 1120.624 1120.624 1120.624 1120.624 1120.624
1470.530 1458.716 1450.269 1444.889 1442.500 1443.302 1447.638 1455.916 1468.435 1485.252 1506.140 1530.676 1558.361 1588.743 1621.317 1655.289 1689.107 1720.224 1745.202 1760.366 1762.857 1751.629 1727.799 1694.316 1654.993 1613.507 1573.404 1537.227 1504.599 1471.331 1430.315 1375.477 1306.880 1233.163 1167.468 1121.017 1098.441 1096.078 1104.132 1113.261 1119.020 1121.124 1121.208 1120.907 1120.729 1120.650 1120.628 1120.624 1120.624 1120.624 1120.624 1120.624 1120.624 1120.624 1120.624 1120.624 1120.624 1120.624 1120.624 1120.624 1120.624 1120.624 1120.624
1520.227 1508.147 1499.390 1493.485 1490.304 1490.103 1493.425 1500.884 1512.974 1529.874 1551.334 1576.822 1605.664 1637.194 1670.747 1705.323 1739.169 1769.523 1792.728 1805.044 1803.791 1788.379 1760.624 1724.186 1683.424 1642.233 1603.838 1569.888 1538.754 1504.979 1460.839 1400.665 1325.861 1246.530 1176.627 1127.450 1103.169 1099.397 1105.999 1113.887 1118.861 1120.682 1120.837 1120.710 1120.650 1120.628 1120.624 1120.624 1120.624 1120.624 1120.624 1120.624 1120.624 1120.624 1120.624 1120.624 1120.624 1120.624 1120.624 1120.624 1120.624 1120.624 1120.624
