prediction_s2s__medianmodel_07-Feb-2021_5thday.asc
ncols	141
nrows	288
xllcorner	-120191.398
yllcorner	-301404.813
cellsize	2000.000
NODATA_value	-999.250
[rows 0 to 27 of 288, columns 64 to 127 of 141]
532.571 539.304 544.346 547.428 548.875 549.349 549.432 549.432 549.432 549.432 549.432 549.432 549.432 549.432 549.432 549.432 549.432 549.432 549.432 549.432 549.432 549.432 549.432 549.432 549.432 549.432 549.432 549.432 549.432 549.432 549.432 549.432 549.432 549.432 549.432 549.432 549.432 549.432 549.432 549.432 549.432 549.432 549.424 549.400 549.355 549.286 549.193 549.092 549.001 548.938 548.917 548.949 549.023 549.122 549.228 549.318 549.379 549.414 549.429 549.432 549.432 549.432 549.432 549.432
779.495 789.159 796.720 801.448 803.697 804.436 804.567 804.567 804.567 804.567 804.567 804.567 804.567 804.567 804.567 804.567 804.567 804.567 804.567 804.567 804.567 804.567 804.567 804.567 804.567 804.567 804.567 804.559 804.528 804.452 804.305 804.062 803.723 803.317 802.900 802.547 802.330 802.293 802.431 802.698 803.022 803.338 803.558 803.634 803.553 803.313 802.926 802.475 802.048 801.727 801.602 801.747 802.129 802.673 803.273 803.808 804.194 804.425 804.531 804.564 804.567 804.567 804.567 804.567
1032.472 1044.551 1054.420 1060.700 1063.701 1064.678 1064.849 1064.849 1064.849 1064.849 1064.849 1064.849 1064.849 1064.849 1064.849 1064.849 1064.849 1064.849 1064.849 1064.849 1064.849 1064.849 1064.849 1064.849 1064.849 1064.849 1064.849 1064.807 1064.651 1064.272 1063.538 1062.333 1060.667 1058.684 1056.652 1054.921 1053.829 1053.560 1054.093 1055.205 1056.589 1057.943 1058.980 1059.545 1059.628 1059.251 1058.431 1057.368 1056.277 1055.384 1054.985 1055.346 1056.443 1058.082 1059.932 1061.597 1062.785 1063.461 1063.737 1063.800 1063.838 1063.947 1064.123 1064.331
1160.850 1173.277 1184.075 1191.087 1194.443 1195.516 1195.698 1195.698 1195.698 1195.698 1195.698 1195.698 1195.698 1195.698 1195.698 1195.698 1195.698 1195.698 1195.698 1195.698 1195.698 1195.698 1195.698 1195.698 1195.698 1195.698 1195.698 1195.575 1195.108 1193.978 1191.809 1188.288 1183.457 1177.730 1171.853 1166.771 1163.381 1162.158 1163.058 1165.544 1168.838 1172.190 1174.877 1176.535 1177.149 1176.797 1175.516 1173.699 1171.731 1170.064 1169.303 1170.032 1172.286 1175.728 1179.682 1183.289 1185.925 1187.526 1188.366 1188.897 1189.560 1190.538 1191.736 1192.971
1240.519 1251.673 1262.040 1268.848 1272.051 1273.042 1273.238 1273.314 1273.420 1273.529 1273.623 1273.688 1273.722 1273.738 1273.741 1273.741 1273.741 1273.741 1273.741 1273.741 1273.741 1273.741 1273.741 1273.741 1273.741 1273.741 1273.741 1273.457 1272.383 1269.816 1264.945 1257.143 1246.591 1234.219 1221.601 1210.616 1202.975 1199.577 1200.348 1204.326 1210.073 1216.178 1221.255 1224.552 1225.999 1225.804 1224.141 1221.694 1219.039 1216.784 1215.821 1217.055 1220.628 1226.122 1232.531 1238.523 1243.129 1246.328 1248.634 1250.855 1253.714 1257.381 1261.474 1265.462
1275.589 1284.224 1292.796 1298.353 1300.806 1301.494 1301.747 1302.072 1302.502 1302.929 1303.272 1303.478 1303.581 1303.631 1303.683 1303.765 1303.875 1303.990 1304.088 1304.153 1304.190 1304.205 1304.209 1304.209 1304.209 1304.209 1304.209 1303.655 1301.573 1296.663 1287.494 1273.107 1254.006 1232.000 1209.864 1190.668 1177.010 1170.191 1170.074 1175.209 1183.450 1192.616 1200.460 1205.666 1208.044 1208.059 1206.218 1203.588 1200.868 1198.649 1197.853 1199.522 1203.922 1210.743 1218.878 1226.767 1233.333 1238.713 1243.740 1249.574 1257.114 1266.304 1276.158 1285.481
1292.791 1298.135 1303.759 1307.063 1308.121 1308.175 1308.347 1308.856 1309.552 1310.187 1310.619 1310.818 1310.958 1311.213 1311.729 1312.501 1313.414 1314.298 1315.009 1315.484 1315.749 1315.866 1315.899 1315.903 1315.903 1315.903 1315.903 1314.965 1311.478 1303.365 1288.509 1265.679 1236.036 1202.630 1169.660 1141.338 1120.912 1109.875 1107.948 1113.318 1123.281 1134.974 1145.254 1152.104 1155.151 1155.241 1153.447 1151.260 1149.385 1148.053 1147.820 1149.493 1153.462 1159.769 1167.663 1175.816 1183.440 1191.053 1199.840 1211.237 1226.141 1244.007 1262.911 1280.619
1298.891 1300.099 1301.520 1301.478 1300.337 1299.186 1298.829 1299.059 1299.462 1299.656 1299.526 1299.232 1299.286 1300.127 1302.037 1304.876 1308.199 1311.452 1314.190 1316.165 1317.418 1318.105 1318.425 1318.559 1318.606 1318.596 1318.527 1316.986 1311.593 1299.448 1277.857 1245.623 1204.964 1160.460 1117.696 1081.574 1055.408 1040.467 1036.242 1040.771 1051.175 1064.186 1075.884 1083.531 1086.550 1086.279 1084.567 1083.332 1083.074 1083.341 1083.836 1084.728 1086.491 1089.791 1094.733 1100.826 1108.021 1117.336 1130.293 1148.485 1172.643 1201.548 1232.148 1260.873
1296.546 1292.173 1287.824 1283.139 1278.816 1275.672 1274.037 1273.153 1272.334 1271.123 1269.589 1268.287 1268.277 1270.408 1275.138 1282.070 1290.195 1298.286 1305.281 1310.539 1314.023 1316.037 1317.030 1317.452 1317.584 1317.492 1317.128 1314.515 1306.479 1289.443 1260.545 1219.198 1169.112 1116.502 1067.874 1028.041 999.504 982.728 976.866 980.121 989.885 1002.850 1014.637 1021.943 1024.055 1022.849 1021.030 1020.820 1022.376 1024.313 1025.212 1024.344 1022.221 1020.292 1019.861 1021.685 1026.698 1036.409 1052.609 1077.010 1110.182 1150.376 1193.494 1234.492
1283.376 1271.486 1259.714 1249.128 1240.654 1234.671 1230.863 1227.912 1224.940 1221.534 1218.089 1215.686 1215.982 1220.278 1229.196 1242.043 1257.098 1272.244 1285.522 1295.667 1302.477 1306.437 1308.366 1309.151 1309.346 1309.007 1307.921 1303.515 1291.970 1269.455 1233.614 1185.180 1129.617 1074.411 1026.224 988.796 962.910 947.783 942.193 944.762 953.527 965.511 976.282 982.299 982.842 980.228 977.875 978.134 980.789 983.600 984.102 980.686 973.855 965.735 958.804 955.086 956.450 964.715 981.877 1009.876 1049.429 1098.671 1152.873 1205.599
1255.951 1234.925 1214.771 1197.743 1184.731 1175.467 1168.883 1163.297 1157.830 1152.262 1147.330 1144.540 1145.924 1153.082 1166.730 1185.914 1208.270 1230.842 1250.752 1266.019 1276.223 1282.034 1284.715 1285.680 1285.764 1284.904 1282.574 1275.707 1260.174 1232.527 1191.673 1140.155 1085.001 1034.221 993.618 965.025 947.007 937.378 934.629 937.940 946.172 956.916 966.118 970.388 969.148 964.970 961.618 961.377 963.764 966.036 965.120 958.833 947.618 933.950 921.071 911.896 908.884 913.902 929.104 956.877 998.556 1052.819 1114.879 1177.223
1211.093 1180.981 1153.253 1130.774 1114.064 1102.081 1093.123 1085.521 1078.623 1072.436 1067.805 1066.255 1069.703 1079.712 1096.991 1120.487 1147.568 1174.871 1198.924 1217.218 1229.149 1235.568 1238.121 1238.672 1238.225 1236.489 1232.508 1222.922 1203.801 1172.752 1130.460 1081.393 1033.444 994.092 967.387 952.811 946.687 945.681 948.176 953.896 962.482 972.222 979.775 982.299 979.493 973.924 969.261 967.545 968.187 968.443 965.198 956.171 941.730 924.301 907.277 893.863 886.610 887.208 897.940 921.838 961.345 1016.290 1082.397 1151.470
1149.823 1113.555 1081.568 1056.542 1038.368 1025.364 1015.556 1007.825 1001.907 997.907 996.358 998.211 1004.630 1016.722 1035.003 1058.545 1084.972 1111.186 1133.829 1150.400 1160.352 1164.719 1165.377 1164.410 1162.770 1159.820 1154.167 1142.481 1121.562 1090.531 1051.893 1011.498 977.066 954.503 945.516 947.370 954.731 963.673 972.680 981.931 991.648 1000.801 1006.954 1008.034 1004.076 997.426 991.302 987.383 985.164 982.335 976.250 964.942 948.697 929.531 910.454 894.410 883.660 879.601 884.609 902.477 936.994 989.490 1056.557 1129.701
1078.618 1041.769 1010.758 987.376 970.818 959.190 950.841 945.640 943.742 945.092 949.469 956.690 966.623 979.483 995.353 1013.562 1032.512 1050.165 1064.210 1072.930 1076.198 1075.237 1071.927 1068.177 1064.620 1060.281 1053.488 1041.317 1021.683 995.206 965.650 939.205 922.322 918.621 927.553 944.847 964.484 982.580 997.889 1010.848 1021.985 1030.852 1035.923 1035.949 1031.266 1023.861 1016.269 1009.808 1004.202 997.826 988.810 975.724 958.764 939.375 919.860 902.594 889.404 881.424 881.099 892.913 921.944 970.943 1037.418 1112.826
1007.442 976.602 952.184 934.649 922.718 914.897 910.425 910.360 915.136 924.294 936.581 950.384 964.018 976.477 987.168 995.636 1001.373 1004.025 1003.192 998.688 991.150 982.007 972.915 965.264 959.187 953.489 946.505 935.961 920.898 903.001 886.352 876.347 877.444 890.932 914.590 943.571 972.164 997.005 1017.169 1033.105 1045.406 1054.030 1058.233 1057.506 1052.408 1044.503 1035.623 1026.746 1017.827 1007.970 996.120 981.459 964.149 945.097 925.886 908.279 893.717 883.222 879.259 886.823 911.955 958.447 1024.418 1101.345
947.390 927.801 913.953 905.021 899.718 897.467 898.743 905.627 918.634 936.744 957.684 978.468 995.890 1007.568 1012.021 1008.831 998.600 982.930 963.807 943.039 922.319 903.298 887.297 875.020 866.065 859.195 852.958 845.750 837.459 830.169 827.356 832.866 849.000 875.205 908.390 944.018 977.340 1005.760 1028.600 1046.174 1058.953 1067.130 1070.529 1069.187 1063.778 1055.485 1045.536 1034.607 1022.814 1009.841 995.319 978.979 961.040 942.084 923.161 905.582 890.550 879.104 873.746 879.787 903.820 950.093 1016.844 1095.410
907.130 900.622 898.260 898.402 900.202 904.253 912.206 926.765 948.332 975.373 1004.814 1032.553 1054.072 1065.600 1064.620 1050.547 1024.915 991.174 953.729 916.504 882.354 853.216 830.104 813.056 801.201 793.361 788.386 785.167 783.988 786.685 795.570 812.672 838.551 871.567 908.572 945.878 979.986 1009.032 1032.457 1050.340 1062.942 1070.505 1073.180 1071.308 1065.593 1056.908 1046.035 1033.425 1019.275 1003.648 986.654 968.455 949.427 930.045 911.102 893.673 878.883 867.898 863.274 870.537 896.444 945.127 1014.343 1095.032
889.453 894.206 901.289 908.889 916.896 926.996 941.681 963.788 993.506 1028.932 1066.468 1101.180 1127.449 1140.189 1135.824 1113.460 1075.309 1026.367 973.129 921.417 875.228 836.864 807.162 785.653 771.115 762.417 758.605 758.792 763.210 773.019 789.293 812.560 842.313 876.596 912.738 948.058 980.187 1007.778 1030.262 1047.470 1059.419 1066.294 1068.365 1066.094 1060.119 1051.073 1039.437 1025.493 1009.465 991.642 972.458 952.404 932.038 911.914 892.756 875.540 861.420 851.738 849.224 859.600 889.549 942.588 1015.508 1098.553
891.385 903.176 915.939 928.295 940.946 956.302 977.245 1006.367 1043.653 1086.987 1132.418 1174.337 1206.152 1221.573 1216.075 1188.416 1141.296 1080.886 1015.277 951.831 895.617 849.378 813.931 788.496 771.596 761.994 758.713 760.806 768.162 781.236 800.167 824.586 853.563 885.325 917.815 949.185 977.862 1002.803 1023.398 1039.273 1050.250 1056.397 1057.961 1055.392 1049.212 1039.871 1027.653 1012.730 995.334 975.871 954.977 933.373 911.792 890.924 871.517 854.547 841.207 833.036 833.051 847.175 881.861 939.701 1016.235 1100.869
906.086 920.201 934.839 949.406 965.258 985.095 1011.746 1047.410 1091.912 1142.995 1196.356 1245.714 1283.504 1302.374 1297.055 1266.093 1212.621 1143.739 1068.699 996.029 931.739 879.043 838.817 810.095 791.160 780.496 776.900 779.208 786.940 800.012 818.074 840.401 866.030 893.526 921.349 948.180 972.929 994.728 1012.946 1027.108 1036.905 1042.277 1043.376 1040.548 1034.195 1024.617 1011.998 996.469 978.262 957.850 935.955 913.416 891.086 869.762 850.240 833.503 820.779 813.755 815.748 832.826 871.037 931.964 1009.954 1093.760
925.810 938.852 952.860 968.073 986.237 1010.002 1041.946 1083.865 1135.435 1194.203 1255.379 1311.883 1355.203 1377.143 1371.992 1338.322 1279.772 1204.239 1121.820 1041.899 971.246 913.474 869.501 838.195 817.573 805.747 801.185 802.508 808.963 820.152 835.556 854.411 875.877 898.820 922.046 944.539 965.451 984.050 999.727 1011.985 1020.454 1024.964 1025.552 1022.446 1015.917 1006.187 993.396 977.682 959.289 938.697 916.643 893.968 871.554 850.228 830.815 814.291 801.857 795.237 797.930 815.900 854.603 914.732 989.880 1068.723
945.273 955.904 968.407 983.695 1003.709 1030.958 1067.749 1115.528 1173.763 1239.646 1307.756 1370.160 1417.527 1441.123 1435.120 1398.401 1335.217 1254.178 1165.984 1080.590 1005.269 943.872 897.269 864.149 842.273 829.398 823.681 823.612 828.270 837.096 849.541 864.912 882.474 901.302 920.410 938.960 956.259 971.690 984.729 994.914 1001.858 1005.330 1005.272 1001.794 995.084 985.320 972.636 957.197 939.257 919.265 897.876 875.859 854.032 833.184 814.120 797.766 785.234 778.112 779.810 795.815 830.795 884.810 951.495 1020.297
962.150 970.497 981.647 997.017 1018.677 1049.004 1090.070 1143.000 1206.939 1278.571 1351.761 1417.811 1466.823 1489.885 1481.439 1440.943 1373.381 1287.985 1195.845 1107.133 1029.273 966.086 918.258 884.297 861.774 848.212 841.590 840.334 843.432 850.227 860.151 872.573 886.816 902.088 917.546 932.479 946.314 958.574 968.850 976.765 981.963 984.178 983.288 979.325 972.423 962.753 950.471 935.763 918.865 900.142 880.107 859.377 838.651 818.640 800.104 783.899 770.968 762.578 761.699 772.937 800.024 842.751 895.648 949.895
975.936 982.757 993.139 1008.856 1032.075 1065.072 1109.704 1166.726 1234.813 1310.058 1385.634 1452.305 1499.962 1519.972 1507.410 1462.606 1391.322 1303.253 1209.551 1120.222 1042.384 979.540 932.094 898.412 876.000 862.326 855.311 853.382 855.464 860.815 868.843 878.931 890.438 902.647 914.818 926.345 936.782 945.808 953.157 958.580 961.788 962.538 960.664 956.148 949.103 939.702 928.116 914.531 899.143 882.169 863.936 844.879 825.556 806.601 788.723 772.691 759.240 749.179 744.729 749.337 765.782 793.965 830.001 867.522
987.105 993.128 1003.280 1019.569 1044.235 1079.438 1126.756 1186.485 1256.711 1332.892 1407.675 1471.604 1514.828 1529.443 1511.541 1462.485 1388.745 1300.221 1207.729 1120.671 1045.477 985.105 939.647 907.403 885.945 872.834 866.053 864.058 865.736 870.291 877.076 885.462 894.799 904.399 913.583 921.839 928.858 934.498 938.696 941.380 942.376 941.497 938.566 933.533 926.477 917.566 906.965 894.828 881.257 866.304 850.091 832.867 815.067 797.263 780.133 764.370 750.481 738.810 730.677 728.312 733.682 747.042 766.431 788.154
995.938 1001.559 1011.781 1028.748 1054.679 1091.531 1140.491 1201.292 1271.379 1345.632 1416.419 1474.462 1510.633 1518.158 1494.406 1441.824 1367.408 1280.903 1192.424 1110.370 1040.206 984.219 942.200 912.473 892.784 880.902 874.953 873.466 875.334 879.726 885.931 893.259 900.997 908.420 914.863 919.911 923.416 925.470 926.272 925.987 924.610 922.030 918.089 912.682 905.846 897.700 888.359 877.907 866.320 853.480 839.321 823.927 807.646 791.019 774.717 759.367 745.298 732.448 721.328 713.133 709.230 710.354 716.335 725.873
1001.769 1007.091 1017.515 1035.181 1062.152 1100.038 1149.525 1209.690 1277.371 1347.035 1411.071 1460.774 1488.121 1487.769 1458.490 1403.701 1330.650 1248.605 1166.624 1091.857 1028.642 978.560 941.148 914.818 897.567 887.448 882.800 882.279 884.829 889.606 895.834 902.709 909.380 915.028 918.966 920.863 920.782 919.101 916.343 912.961 909.160 904.935 900.136 894.602 888.280 881.198 873.374 864.769 855.220 844.455 832.248 818.584 803.750 788.288 772.878 758.102 744.172 730.772 717.836 705.852 695.859 689.031 686.515 688.766
1003.492 1008.508 1019.187 1037.530 1065.279 1103.563 1152.452 1210.376 1273.654 1336.576 1391.847 1431.689 1449.490 1441.461 1407.712 1352.430 1282.802 1207.294 1133.700 1067.807 1012.816 969.642 937.630 915.317 900.984 893.007 889.981 890.740 894.330 899.935 906.695 913.637 919.723 923.970 925.649 924.530 920.914 915.510 909.209 902.770 896.635 890.915 885.484 880.107 874.619 868.898 862.806 856.149 848.614 839.794 829.377 817.282 803.784 789.447 774.963 760.891 747.392 734.063 720.549 706.970 694.239 683.838 677.667 677.164
