prediction_s2s__medianmodel_07-Feb-2021_6thday.asc
ncols	141
nrows	288
xllcorner	-120191.398
yllcorner	-301404.813
cellsize	2000.000
NODATA_value	-999.250
[rows 112 to 139 of 288, columns 0 to 63 of 141]
500.571 717.695 931.662 1025.857 1075.377 1091.401 1096.362 1097.305 1097.404 1097.404 1097.404 1097.404 1097.404 1097.404 1097.404 1097.404 1097.404 1097.404 1097.339 1096.230 1091.146 1077.891 1052.250 1012.053 959.580 902.299 850.357 812.879 794.734 795.633 811.622 837.184 867.723 900.911 936.250 973.781 1013.805 1056.448 1101.272 1147.125 1192.357 1235.177 1274.124 1308.250 1337.080 1360.300 1377.392 1387.552 1390.006 1384.678 1372.877 1357.601 1343.275 1334.842 1336.415 1350.047 1374.959 1407.454 1441.734 1471.358 1490.568 1495.390 1484.417 1458.714
500.571 717.695 931.662 1025.857 1075.377 1091.401 1096.362 1097.305 1097.404 1097.404 1097.404 1097.404 1097.404 1097.404 1097.404 1097.404 1097.404 1097.400 1097.232 1095.710 1089.627 1074.500 1045.964 1002.144 946.137 886.260 833.214 796.128 779.358 781.640 798.233 823.269 852.252 883.220 916.147 951.463 989.753 1031.358 1075.975 1122.535 1169.433 1214.846 1257.186 1295.310 1328.552 1356.421 1378.297 1393.240 1400.243 1398.784 1389.580 1375.010 1359.115 1346.880 1342.965 1350.260 1368.904 1395.899 1425.833 1452.371 1469.687 1473.721 1462.956 1438.269
500.571 717.695 931.662 1025.857 1075.377 1091.401 1096.362 1097.305 1097.404 1097.404 1097.404 1097.404 1097.404 1097.404 1097.404 1097.404 1097.404 1097.383 1097.006 1094.690 1086.832 1068.646 1035.843 987.294 927.407 865.569 812.879 778.033 764.332 769.252 787.219 812.200 840.080 869.450 900.745 934.715 972.141 1013.449 1058.379 1105.889 1154.416 1202.121 1247.337 1288.795 1325.680 1357.380 1383.171 1401.986 1412.541 1413.837 1405.932 1390.571 1371.416 1353.528 1342.128 1341.030 1351.353 1370.946 1394.958 1417.302 1432.222 1435.566 1425.616 1402.917
500.571 717.695 931.662 1025.857 1075.377 1091.401 1096.362 1097.305 1097.404 1097.404 1097.404 1097.404 1097.404 1097.404 1097.404 1097.404 1097.404 1097.339 1096.595 1093.047 1082.612 1060.274 1022.130 968.287 904.787 842.125 791.488 760.624 751.323 759.699 779.467 804.722 831.993 860.535 891.168 924.851 962.429 1004.302 1050.164 1098.977 1149.202 1199.027 1246.732 1290.941 1330.701 1365.258 1393.770 1415.007 1427.422 1429.569 1420.969 1402.852 1378.608 1353.428 1333.074 1322.189 1322.833 1333.695 1350.563 1367.762 1379.698 1382.204 1373.316 1353.153
500.571 717.695 931.662 1025.857 1075.377 1091.401 1096.362 1097.305 1097.404 1097.404 1097.404 1097.404 1097.404 1097.404 1097.404 1097.404 1097.400 1097.233 1095.896 1090.620 1076.823 1049.420 1005.251 946.077 879.722 817.624 770.641 745.129 741.066 753.274 775.019 800.824 828.044 856.593 887.558 921.995 960.710 1003.981 1051.427 1102.005 1154.213 1206.255 1256.370 1303.032 1345.109 1381.632 1411.576 1433.519 1445.698 1446.375 1434.743 1411.762 1380.737 1347.015 1316.805 1295.400 1285.618 1286.898 1295.713 1306.907 1315.203 1316.487 1308.552 1291.049
500.571 717.695 931.662 1025.857 1075.377 1091.401 1096.362 1097.305 1097.404 1097.404 1097.404 1097.404 1097.404 1097.404 1097.404 1097.404 1097.384 1097.009 1094.760 1087.183 1069.249 1036.038 985.538 921.491 853.450 793.461 751.576 732.372 733.917 749.945 773.626 800.168 827.837 857.114 889.229 925.243 965.857 1011.209 1060.842 1113.723 1168.385 1223.032 1275.800 1324.966 1369.098 1406.920 1437.140 1458.138 1468.006 1464.936 1448.066 1418.390 1379.294 1336.303 1295.903 1263.798 1243.303 1234.504 1234.556 1238.940 1242.819 1242.243 1234.810 1219.711
500.571 717.695 931.662 1025.857 1075.377 1091.401 1096.362 1097.305 1097.404 1097.404 1097.404 1097.404 1097.404 1097.404 1097.404 1097.401 1097.324 1096.564 1092.982 1082.451 1059.645 1020.137 963.482 895.539 827.355 771.079 735.488 723.099 730.161 749.661 775.024 802.353 830.802 861.267 895.026 933.088 976.037 1023.890 1076.167 1131.851 1189.509 1247.289 1303.162 1355.102 1401.282 1440.011 1469.669 1488.421 1494.348 1485.765 1462.065 1424.506 1376.701 1324.315 1273.930 1231.375 1200.250 1181.130 1171.871 1168.652 1167.217 1163.891 1156.180 1142.864
500.571 717.695 931.662 1025.857 1075.377 1091.401 1096.362 1097.305 1097.404 1097.404 1097.404 1097.404 1097.404 1097.404 1097.404 1097.384 1097.170 1095.747 1090.299 1076.100 1047.774 1001.784 939.602 869.179 802.607 751.576 723.153 717.662 729.804 752.220 778.923 807.005 836.391 868.228 903.780 943.992 989.357 1039.835 1094.972 1153.801 1214.877 1276.249 1335.653 1390.674 1439.015 1478.499 1507.110 1522.853 1523.874 1508.820 1477.547 1431.762 1375.367 1314.097 1254.438 1202.115 1160.800 1131.441 1112.542 1101.043 1093.355 1086.207 1077.136 1064.647
500.571 717.695 931.662 1025.857 1075.377 1091.401 1096.362 1097.305 1097.404 1097.404 1097.404 1097.404 1097.404 1097.404 1097.404 1097.341 1096.844 1094.364 1086.380 1067.723 1033.300 980.915 914.230 843.052 779.978 735.623 714.970 716.184 732.784 757.487 785.157 813.889 844.211 877.381 914.617 956.807 1004.393 1057.360 1115.320 1177.359 1242.001 1307.156 1370.274 1428.519 1479.075 1519.253 1546.653 1559.129 1554.996 1533.350 1494.638 1441.101 1376.946 1307.889 1240.156 1179.187 1128.554 1089.448 1060.945 1040.738 1025.963 1013.867 1002.192 989.326
500.571 717.695 931.662 1025.857 1075.377 1091.401 1096.362 1097.305 1097.404 1097.404 1097.404 1097.404 1097.404 1097.404 1097.401 1097.239 1096.226 1092.164 1080.863 1056.922 1015.970 957.619 887.829 817.878 760.212 723.800 711.251 718.741 739.059 765.394 793.646 822.873 854.010 888.339 927.015 970.878 1020.360 1075.513 1136.032 1201.053 1269.053 1337.777 1404.401 1465.694 1518.322 1559.116 1585.306 1594.633 1585.635 1557.919 1512.571 1452.382 1381.819 1306.500 1232.286 1164.210 1105.594 1057.748 1020.192 991.298 968.938 950.972 935.500 920.979
500.571 717.695 931.662 1025.857 1075.377 1091.401 1096.362 1097.305 1097.404 1097.404 1097.404 1097.404 1097.404 1097.404 1097.384 1097.020 1095.152 1088.858 1073.368 1043.358 995.657 932.092 860.848 794.142 743.583 716.026 711.569 724.719 748.011 775.431 804.007 833.618 865.449 900.763 940.647 985.897 1036.960 1093.941 1156.615 1224.136 1294.928 1366.613 1436.124 1499.890 1554.173 1595.354 1620.337 1626.811 1613.536 1580.633 1529.818 1464.393 1389.030 1309.193 1230.317 1156.947 1092.080 1036.991 991.511 954.569 924.706 900.426 880.294 862.989
500.571 717.695 931.662 1025.857 1075.377 1091.401 1096.362 1097.305 1097.404 1097.404 1097.404 1097.404 1097.404 1097.400 1097.325 1096.579 1093.395 1084.097 1063.512 1026.791 972.431 904.732 833.834 772.257 730.147 711.893 715.166 733.227 758.799 786.904 815.669 845.614 878.064 914.250 955.199 1001.662 1054.078 1112.573 1176.937 1246.313 1319.078 1392.777 1464.206 1529.562 1584.783 1625.909 1649.591 1653.473 1636.559 1599.451 1544.430 1475.244 1396.708 1314.087 1232.380 1155.620 1086.422 1025.932 974.146 930.395 893.770 863.370 838.254 817.406
500.571 717.695 931.662 1025.857 1075.377 1091.401 1096.362 1097.305 1097.404 1097.404 1097.404 1097.404 1097.404 1097.383 1097.168 1095.761 1090.673 1077.515 1050.981 1007.145 946.622 876.226 807.575 752.808 720.081 711.116 721.426 743.531 770.729 799.196 828.059 858.289 891.292 928.283 970.242 1017.858 1071.515 1131.278 1196.869 1267.371 1341.137 1415.709 1487.851 1553.651 1608.863 1649.292 1671.406 1672.852 1652.872 1612.493 1554.470 1482.908 1402.694 1318.874 1236.006 1157.639 1085.995 1022.037 965.818 916.920 874.836 839.130 809.301 784.650
500.571 717.695 931.662 1025.857 1075.377 1091.401 1096.362 1097.305 1097.404 1097.404 1097.404 1097.404 1097.404 1097.339 1096.837 1094.368 1086.661 1068.763 1035.586 984.615 918.895 847.550 783.041 736.431 713.506 713.329 729.699 754.936 783.188 811.794 840.688 871.143 904.627 942.368 985.310 1034.072 1088.905 1149.709 1216.037 1286.875 1360.565 1434.738 1506.246 1571.207 1625.326 1664.270 1684.436 1683.525 1661.001 1618.237 1558.369 1485.725 1405.187 1321.544 1238.939 1160.480 1088.041 1022.397 963.587 911.339 865.383 825.593 791.784 763.532
500.571 717.695 931.662 1025.857 1075.377 1091.401 1096.362 1097.305 1097.404 1097.404 1097.404 1097.404 1097.400 1097.229 1096.209 1092.157 1081.050 1057.616 1017.429 959.846 890.427 820.146 761.541 724.011 710.732 718.389 739.643 767.087 795.905 824.481 853.336 883.924 917.783 956.184 1000.058 1049.914 1105.798 1167.331 1233.811 1304.086 1376.539 1448.965 1518.435 1581.223 1633.100 1669.744 1687.580 1684.407 1659.910 1615.740 1555.239 1482.815 1403.233 1320.972 1239.786 1162.410 1090.438 1024.503 964.634 910.622 862.317 819.748 782.910 751.586
500.571 717.695 931.662 1025.857 1075.377 1091.401 1096.362 1097.305 1097.404 1097.404 1097.404 1097.404 1097.381 1096.999 1095.123 1088.871 1073.603 1044.070 997.006 933.989 862.914 795.897 744.751 716.745 712.442 726.605 751.417 780.162 809.103 837.480 866.184 896.770 930.848 969.756 1014.408 1065.175 1121.809 1183.569 1249.437 1318.124 1388.093 1457.404 1523.440 1582.747 1631.291 1664.903 1680.133 1674.960 1649.263 1604.834 1545.062 1474.241 1396.869 1317.066 1238.206 1162.726 1092.032 1026.693 966.765 912.098 862.603 818.354 779.426 745.729
500.571 717.695 931.662 1025.857 1075.377 1091.401 1096.362 1097.305 1097.404 1097.404 1097.404 1097.404 1097.333 1096.585 1093.463 1084.412 1064.413 1028.693 975.578 909.000 838.707 777.106 734.537 715.886 719.331 738.374 765.350 794.531 823.212 851.225 879.649 910.082 944.194 983.374 1028.516 1079.809 1136.657 1197.908 1262.220 1328.192 1394.427 1459.310 1520.624 1575.289 1619.580 1649.609 1662.187 1655.510 1629.600 1586.259 1528.694 1460.879 1386.900 1310.446 1234.545 1161.408 1092.353 1027.988 968.461 913.726 863.739 818.594 778.375 743.059
500.571 717.695 931.662 1025.857 1075.377 1091.401 1096.362 1097.305 1097.404 1097.404 1097.404 1097.404 1097.236 1095.935 1091.185 1078.879 1053.968 1012.607 955.043 887.354 820.437 766.081 732.598 722.438 731.921 754.022 781.774 810.608 838.689 866.195 894.220 924.348 958.260 997.382 1042.552 1093.756 1150.036 1209.853 1271.567 1333.715 1395.093 1454.463 1510.038 1559.186 1598.605 1624.817 1634.976 1627.529 1602.558 1561.693 1507.745 1444.167 1374.495 1301.964 1229.288 1158.551 1091.087 1027.646 968.557 913.931 863.807 818.296 777.460 741.308
500.571 717.695 931.662 1025.857 1075.377 1091.401 1096.362 1097.305 1097.404 1097.404 1097.404 1097.399 1097.055 1094.968 1088.239 1072.451 1042.911 997.144 937.394 871.419 810.371 764.603 740.066 736.993 750.521 773.835 801.073 828.852 855.998 882.801 910.248 939.839 973.222 1011.811 1056.378 1106.699 1161.499 1218.913 1277.087 1334.548 1390.308 1443.482 1492.747 1535.947 1570.294 1592.800 1601.040 1593.684 1570.767 1533.573 1484.313 1425.763 1360.825 1292.293 1222.648 1153.957 1087.685 1024.830 965.980 911.457 861.421 816.002 775.239 739.104
500.571 717.695 931.662 1025.857 1075.377 1091.401 1096.362 1097.305 1097.404 1097.404 1097.404 1097.378 1096.746 1093.640 1084.701 1065.507 1032.149 983.804 924.538 863.092 809.968 773.471 757.115 759.369 774.941 797.804 823.445 849.568 875.418 901.229 927.799 956.486 988.845 1026.268 1069.453 1118.015 1170.448 1224.658 1278.663 1331.017 1380.918 1427.813 1470.775 1508.153 1537.697 1556.973 1563.976 1557.554 1537.560 1504.764 1460.649 1407.218 1346.759 1281.689 1214.381 1147.017 1081.317 1018.613 959.801 905.435 855.800 811.047 771.150 735.988
500.571 717.695 931.662 1025.857 1075.377 1091.401 1096.362 1097.305 1097.404 1097.404 1097.404 1097.327 1096.276 1091.947 1080.745 1058.578 1022.675 973.955 917.894 863.388 819.548 792.284 782.870 788.620 804.478 825.604 848.862 872.836 896.987 921.381 946.602 973.818 1004.492 1039.985 1080.961 1126.937 1176.282 1226.799 1276.436 1323.782 1368.194 1409.337 1446.642 1478.905 1504.400 1521.224 1527.751 1522.895 1506.228 1477.911 1438.625 1389.642 1332.706 1270.001 1203.949 1136.986 1071.204 1008.308 949.524 895.606 846.927 803.606 765.500 732.333
500.571 717.695 931.662 1025.857 1075.377 1091.401 1096.362 1097.305 1097.404 1097.404 1097.404 1097.225 1095.613 1089.927 1076.588 1052.150 1015.242 968.401 917.921 872.103 838.131 819.452 815.532 823.158 838.008 856.590 877.009 898.476 920.498 942.941 966.181 991.216 1019.436 1052.204 1090.190 1132.897 1178.682 1225.322 1270.769 1313.648 1353.390 1389.824 1422.617 1450.947 1473.525 1488.874 1495.615 1492.652 1479.182 1454.741 1419.290 1373.458 1318.617 1256.889 1190.910 1123.494 1057.160 994.016 935.553 882.661 835.718 794.739 759.396 729.191
500.571 717.695 931.662 1025.857 1075.377 1091.401 1096.362 1097.305 1097.404 1097.404 1097.404 1097.058 1094.746 1087.644 1072.448 1046.622 1010.311 967.353 924.227 888.034 863.766 852.592 852.714 860.969 874.047 889.757 907.214 925.971 945.479 965.426 986.033 1008.182 1033.237 1062.595 1096.974 1135.924 1177.874 1220.658 1262.272 1301.389 1337.488 1370.482 1400.184 1426.007 1446.953 1461.792 1469.268 1468.146 1457.263 1435.606 1402.566 1358.329 1304.084 1242.080 1175.285 1106.961 1040.061 977.033 919.542 868.495 824.180 786.426 754.669 728.147
500.571 717.695 931.662 1025.857 1075.377 1091.401 1096.362 1097.305 1097.404 1097.404 1097.399 1096.808 1093.689 1085.206 1068.562 1042.293 1008.014 970.438 935.660 909.191 893.813 888.803 891.679 899.737 910.772 923.724 938.393 954.452 971.243 988.332 1005.851 1024.630 1046.054 1071.566 1101.932 1136.790 1174.687 1213.602 1251.647 1287.586 1320.952 1351.687 1379.656 1404.343 1424.826 1439.942 1448.373 1448.724 1439.503 1419.324 1387.216 1343.177 1288.405 1225.413 1157.576 1088.579 1021.745 959.720 904.195 855.973 815.141 781.300 753.628 731.102
500.571 717.695 931.662 1025.857 1075.377 1091.401 1096.362 1097.305 1097.404 1097.399 1097.359 1096.409 1092.363 1082.540 1064.815 1038.885 1007.676 976.328 950.133 932.850 925.184 925.006 929.653 937.104 946.219 956.838 969.154 982.789 996.974 1011.200 1025.573 1040.911 1058.623 1080.159 1106.317 1136.812 1170.377 1205.203 1239.630 1272.604 1303.755 1333.031 1360.235 1384.762 1405.568 1421.348 1430.623 1431.820 1423.238 1403.321 1371.011 1326.307 1270.609 1206.758 1138.517 1069.907 1004.455 944.823 892.550 848.199 811.587 782.059 758.581 739.919
500.571 717.695 931.662 1025.857 1075.377 1091.401 1096.362 1097.305 1097.404 1097.378 1097.230 1095.750 1090.598 1079.383 1060.767 1035.662 1008.077 983.191 965.259 956.273 955.081 958.607 964.365 971.116 978.668 987.552 998.120 1009.874 1021.930 1033.735 1045.378 1057.671 1071.990 1089.729 1111.650 1137.549 1166.371 1196.638 1227.030 1256.792 1285.699 1313.692 1340.444 1365.115 1386.389 1402.696 1412.358 1413.653 1404.825 1384.344 1351.264 1305.795 1249.620 1185.914 1118.740 1052.281 990.070 934.570 886.993 847.539 815.721 790.656 771.168 755.921
500.571 717.695 931.662 1025.857 1075.377 1091.401 1096.362 1097.300 1097.380 1097.263 1096.810 1094.461 1087.821 1074.914 1055.311 1031.152 1007.314 988.733 978.495 976.891 981.150 987.632 994.220 1000.456 1006.966 1014.808 1024.364 1034.977 1045.682 1055.870 1065.589 1075.587 1087.133 1101.475 1119.281 1140.399 1164.041 1189.132 1214.814 1240.705 1266.781 1292.978 1318.791 1343.087 1364.233 1380.387 1389.677 1390.327 1380.645 1359.274 1325.529 1279.919 1224.442 1162.539 1098.431 1036.272 979.390 929.851 888.397 854.791 828.229 807.655 791.854 779.499
500.571 717.695 931.662 1025.857 1075.377 1091.401 1096.357 1097.261 1097.238 1096.820 1095.623 1091.760 1082.922 1067.704 1046.727 1023.423 1003.278 990.786 987.774 992.901 1002.001 1011.150 1018.674 1024.832 1030.950 1038.482 1047.781 1058.084 1068.335 1077.852 1086.588 1095.167 1104.667 1116.113 1130.033 1146.319 1164.448 1183.797 1204.010 1225.116 1247.313 1270.542 1294.145 1316.762 1336.514 1351.370 1359.369 1358.751 1347.953 1325.860 1292.095 1247.476 1194.268 1136.085 1077.133 1021.375 971.750 929.805 895.725 868.809 847.952 831.982 819.726 809.971
