prediction_s2s__medianmodel_07-Feb-2021_4thday.asc
ncols	141
nrows	288
xllcorner	-120191.398
yllcorner	-301404.813
cellsize	2000.000
NODATA_value	-999.250
[rows 140 to 167 of 288, columns 63 to 125 of 141]
779.280 776.988 774.159 769.245 761.146 749.433 734.398 717.014 698.873 681.926 668.531 661.415 663.763 679.152 711.298 763.743 838.854 936.136 1050.727 1172.131 1286.708 1381.450 1448.204 1486.178 1501.168 1501.649 1494.735 1483.764 1468.504 1448.607 1425.055 1400.852 1379.625 1363.611 1352.662 1344.783 1337.379 1328.883 1319.195 1308.723 1297.725 1286.147 1274.057 1262.089 1251.520 1243.659 1239.139 1237.497 1237.535 1238.033 1238.343 1238.335 1238.210 1238.147 1238.145 1238.145 1238.145 1238.145 1238.145 1238.145 1238.145 1238.145 1238.145
820.251 820.192 818.886 814.765 806.665 794.077 777.286 757.381 736.178 715.939 699.362 689.470 689.665 703.664 735.335 788.423 865.672 967.210 1089.127 1221.545 1350.348 1460.255 1538.937 1580.774 1588.003 1568.594 1532.802 1489.915 1446.057 1405.452 1370.589 1343.128 1323.794 1311.918 1305.454 1301.777 1298.469 1294.238 1289.037 1283.157 1276.775 1269.906 1262.606 1255.289 1248.716 1243.682 1240.566 1239.099 1238.630 1238.526 1238.442 1238.301 1238.184 1238.145 1238.145 1238.145 1238.145 1238.145 1238.145 1238.145 1238.145 1238.145 1238.145
864.682 867.646 868.524 865.727 858.027 844.871 826.583 804.432 780.499 757.380 738.080 725.834 724.158 736.820 767.787 821.000 899.657 1004.715 1133.620 1277.850 1423.602 1553.979 1652.487 1707.751 1716.692 1684.684 1623.403 1547.425 1469.919 1401.235 1347.215 1309.578 1286.913 1275.649 1271.433 1270.444 1269.977 1268.750 1266.666 1263.918 1260.681 1257.049 1253.105 1249.084 1245.403 1242.484 1240.533 1239.434 1238.885 1238.594 1238.398 1238.251 1238.167 1238.145 1238.145 1238.145 1238.145 1238.145 1238.145 1238.145 1238.145 1238.145 1238.145
910.238 916.922 920.493 919.351 912.264 898.703 879.130 855.054 828.867 803.470 782.096 768.084 764.960 776.460 806.611 859.555 938.956 1046.657 1181.584 1336.914 1499.853 1652.876 1776.164 1852.819 1873.570 1839.356 1760.922 1656.157 1544.474 1442.930 1362.316 1306.328 1273.008 1256.797 1251.153 1250.636 1251.617 1252.298 1252.235 1251.434 1250.055 1248.318 1246.368 1244.354 1242.472 1240.931 1239.832 1239.133 1238.714 1238.459 1238.298 1238.198 1238.154 1238.145 1238.145 1238.145 1238.145 1238.145 1238.145 1238.145 1238.145 1238.145 1238.145
954.804 965.573 972.012 972.554 966.039 952.091 931.404 905.792 877.952 851.020 828.353 813.286 809.255 819.922 849.342 901.831 981.454 1090.846 1230.209 1394.400 1572.000 1745.860 1894.334 1996.211 2036.500 2010.688 1926.459 1802.332 1661.796 1527.642 1416.178 1334.744 1282.917 1254.827 1242.702 1239.562 1240.305 1241.941 1243.173 1243.586 1243.280 1242.609 1241.799 1240.956 1240.154 1239.483 1238.982 1238.641 1238.422 1238.288 1238.205 1238.164 1238.147 1238.145 1238.145 1238.145 1238.145 1238.145 1238.145 1238.145 1238.145 1238.145 1238.145
996.685 1011.506 1020.651 1022.640 1016.503 1002.121 980.515 953.824 925.005 897.331 874.168 858.759 854.397 864.652 893.575 945.590 1025.022 1135.064 1276.782 1446.392 1633.944 1823.455 1992.991 2118.919 2181.868 2172.185 2093.275 1961.817 1802.572 1641.790 1500.430 1390.238 1314.102 1267.952 1244.332 1235.344 1234.168 1235.957 1238.009 1239.197 1239.477 1239.347 1239.129 1238.902 1238.686 1238.506 1238.369 1238.274 1238.212 1238.175 1238.156 1238.147 1238.145 1238.145 1238.145 1238.145 1238.145 1238.145 1238.145 1238.145 1238.145 1238.145 1238.145
1034.738 1053.244 1064.708 1067.806 1061.833 1047.030 1024.785 997.535 968.406 940.692 917.675 902.465 898.215 908.412 937.064 988.608 1067.446 1176.989 1318.689 1489.640 1681.152 1878.760 2061.571 2205.433 2288.745 2298.198 2233.079 2106.520 1941.567 1764.770 1599.662 1462.039 1359.371 1291.462 1252.934 1235.844 1231.645 1233.150 1235.797 1237.507 1238.073 1238.145 1238.145 1238.145 1238.145 1238.145 1238.145 1238.145 1238.145 1238.145 1238.145 1238.145 1238.145 1238.145 1238.145 1238.145 1238.145 1238.145 1238.145 1238.145 1238.145 1238.145 1238.145
1068.464 1090.121 1103.479 1107.394 1101.496 1086.419 1063.900 1036.598 1007.680 980.371 957.816 943.001 938.990 949.218 977.621 1028.534 1106.218 1213.978 1353.178 1521.281 1710.471 1907.777 2094.113 2246.475 2343.367 2370.030 2322.798 2210.685 2052.574 1872.136 1692.805 1533.372 1406.358 1316.897 1263.089 1237.736 1230.632 1232.018 1235.290 1237.411 1238.073 1238.145 1238.145 1238.145 1238.145 1238.145 1238.145 1238.145 1238.145 1238.145 1238.145 1238.145 1238.145 1238.145 1238.145 1238.145 1238.145 1238.145 1238.145 1238.145 1238.145 1238.145 1238.145
1098.079 1122.325 1137.223 1141.809 1136.051 1120.948 1098.508 1071.503 1043.042 1016.204 993.989 979.309 975.230 985.165 1012.964 1062.745 1138.429 1242.929 1377.155 1538.465 1719.537 1908.601 2088.668 2239.062 2340.366 2378.659 2348.908 2256.249 2114.032 1940.757 1757.477 1584.661 1439.661 1333.301 1267.658 1236.567 1228.274 1230.484 1234.743 1237.334 1238.081 1238.145 1238.145 1238.145 1238.145 1238.145 1238.145 1238.145 1238.145 1238.145 1238.145 1238.145 1238.145 1238.145 1238.145 1238.145 1238.145 1238.145 1238.145 1238.145 1238.145 1238.145 1238.145
1124.369 1150.694 1166.874 1172.102 1166.610 1151.682 1129.506 1102.858 1074.707 1047.962 1025.523 1010.307 1005.442 1014.365 1040.812 1088.576 1161.084 1260.641 1387.454 1538.480 1706.565 1880.840 2046.425 2185.576 2282.221 2324.890 2308.628 2235.449 2113.037 1953.963 1775.758 1599.424 1446.161 1331.698 1261.362 1229.643 1223.341 1228.022 1233.931 1237.188 1238.069 1238.142 1238.145 1238.145 1238.145 1238.145 1238.145 1238.145 1238.145 1238.145 1238.145 1238.145 1238.145 1238.145 1238.145 1238.145 1238.145 1238.145 1238.145 1238.145 1238.145 1238.145 1238.145
1148.309 1176.253 1193.516 1199.365 1194.205 1179.490 1157.478 1130.870 1102.468 1075.067 1051.514 1034.810 1028.180 1035.092 1059.111 1103.651 1171.534 1264.326 1381.446 1519.298 1670.729 1825.619 1970.998 2092.296 2177.274 2217.675 2209.545 2152.718 2049.915 1908.298 1741.849 1571.345 1420.478 1308.222 1241.745 1215.460 1214.836 1223.917 1232.378 1236.715 1237.938 1238.112 1238.142 1238.145 1238.145 1238.145 1238.145 1238.145 1238.145 1238.145 1238.145 1238.145 1238.145 1238.145 1238.145 1238.145 1238.145 1238.145 1238.145 1238.145 1238.145 1238.145 1238.145
1170.612 1199.761 1217.896 1224.275 1219.353 1204.635 1182.371 1155.155 1125.682 1096.683 1071.043 1051.859 1042.446 1046.247 1066.610 1106.504 1168.123 1252.282 1357.640 1480.103 1612.554 1745.559 1867.985 1968.235 2037.707 2071.287 2066.375 2021.516 1935.883 1812.557 1662.517 1505.732 1366.741 1265.792 1210.410 1194.455 1202.380 1217.483 1229.480 1235.563 1237.541 1238.014 1238.129 1238.145 1238.145 1238.145 1238.145 1238.145 1238.145 1238.145 1238.145 1238.145 1238.145 1238.145 1238.145 1238.145 1238.145 1238.145 1238.145 1238.145 1238.145 1238.145 1238.145
1191.442 1221.406 1240.169 1246.880 1241.920 1226.757 1203.585 1174.955 1143.520 1112.056 1083.518 1061.081 1048.062 1047.762 1063.243 1097.016 1150.676 1224.397 1316.273 1421.872 1534.306 1644.945 1744.358 1823.564 1876.922 1901.845 1896.943 1860.285 1788.979 1683.637 1552.987 1415.551 1295.144 1211.496 1171.469 1168.301 1186.106 1208.197 1224.669 1233.361 1236.714 1237.796 1238.098 1238.145 1238.145 1238.145 1238.145 1238.145 1238.145 1238.145 1238.145 1238.145 1238.145 1238.145 1238.145 1238.145 1238.145 1238.145 1238.145 1238.145 1238.145 1238.145 1238.145
1210.389 1240.809 1259.929 1266.683 1261.286 1245.117 1220.335 1189.516 1155.402 1120.878 1088.977 1062.857 1045.698 1040.526 1050.029 1076.270 1120.374 1182.074 1259.172 1347.248 1439.859 1529.330 1607.802 1668.402 1707.604 1724.478 1718.538 1687.885 1628.930 1541.101 1431.447 1316.471 1217.883 1153.719 1129.807 1139.232 1166.615 1195.934 1217.653 1229.902 1235.355 1237.423 1238.043 1238.145 1238.145 1238.145 1238.145 1238.145 1238.145 1238.145 1238.145 1238.145 1238.145 1238.145 1238.145 1238.145 1238.145 1238.145 1238.145 1238.145 1238.145 1238.145 1238.145
1226.735 1257.282 1276.462 1282.924 1276.667 1258.959 1231.990 1198.453 1161.274 1123.475 1088.117 1058.215 1036.648 1026.037 1028.643 1046.141 1079.348 1127.837 1189.453 1260.116 1334.107 1404.809 1465.737 1511.619 1540.208 1551.409 1545.267 1520.235 1472.896 1402.322 1314.142 1222.334 1145.614 1099.799 1089.935 1109.734 1145.128 1181.225 1208.657 1225.261 1233.478 1236.895 1237.961 1238.145 1238.145 1238.145 1238.145 1238.145 1238.145 1238.145 1238.145 1238.145 1238.145 1238.145 1238.145 1238.145 1238.145 1238.145 1238.145 1238.145 1238.145 1238.145 1238.145
1239.801 1270.120 1289.012 1294.805 1287.273 1267.622 1238.125 1201.684 1161.437 1120.525 1081.937 1048.401 1022.365 1005.953 1000.990 1008.857 1030.280 1064.937 1111.049 1165.169 1222.494 1277.490 1324.837 1360.355 1382.381 1391.041 1386.548 1367.841 1332.191 1278.727 1211.678 1142.151 1085.406 1054.943 1055.574 1082.444 1123.507 1165.301 1198.387 1219.759 1231.174 1236.215 1237.846 1238.142 1238.145 1238.145 1238.145 1238.145 1238.145 1238.145 1238.145 1238.145 1238.145 1238.145 1238.145 1238.145 1238.145 1238.145 1238.145 1238.145 1238.145 1238.145 1238.145
1249.018 1278.662 1296.802 1301.465 1292.267 1270.408 1238.308 1199.106 1156.131 1112.571 1071.214 1034.396 1004.038 981.739 968.918 966.792 976.165 997.074 1028.362 1067.436 1110.500 1153.051 1190.693 1219.905 1239.123 1248.239 1247.374 1235.935 1212.082 1175.174 1128.109 1078.969 1039.495 1020.965 1028.421 1058.996 1103.192 1149.170 1187.361 1213.518 1228.368 1235.277 1237.635 1238.113 1238.142 1238.145 1238.145 1238.145 1238.145 1238.145 1238.145 1238.145 1238.145 1238.145 1238.145 1238.145 1238.145 1238.145 1238.145 1238.145 1238.145 1238.145 1238.145
1253.711 1282.025 1298.755 1301.731 1290.497 1266.325 1231.814 1190.313 1145.275 1099.811 1056.403 1016.908 982.686 954.830 934.442 922.650 920.484 928.484 946.251 972.135 1003.366 1036.389 1067.512 1093.594 1112.853 1124.695 1128.978 1125.447 1113.149 1091.706 1062.807 1031.633 1006.588 996.857 1007.921 1039.168 1083.923 1132.210 1174.486 1205.198 1223.776 1233.070 1236.665 1237.698 1237.969 1238.081 1238.126 1238.142 1238.145 1238.145 1238.145 1238.145 1238.145 1238.145 1238.145 1238.145 1238.145 1238.145 1238.145 1238.145 1238.145 1238.145 1238.145
1252.824 1278.902 1293.390 1294.047 1280.465 1254.055 1217.595 1174.590 1128.501 1082.234 1037.890 996.777 959.701 927.299 900.406 880.144 867.797 864.433 870.412 885.012 906.435 932.006 958.633 983.404 1004.248 1020.007 1030.152 1034.612 1033.111 1025.513 1012.477 996.616 983.333 979.845 991.977 1021.343 1064.192 1112.657 1157.645 1192.530 1215.319 1227.950 1233.819 1236.245 1237.308 1237.822 1238.051 1238.130 1238.145 1238.145 1238.145 1238.145 1238.145 1238.145 1238.145 1238.145 1238.145 1238.145 1238.145 1238.145 1238.145 1238.145 1238.145
1244.690 1267.500 1278.860 1276.645 1260.595 1232.295 1194.693 1151.345 1105.632 1060.155 1016.538 975.518 937.353 902.254 870.808 844.114 823.683 811.015 807.131 812.140 825.144 844.299 867.123 890.941 913.471 933.063 948.769 960.511 968.442 972.564 972.736 969.470 965.618 966.506 978.025 1003.699 1042.601 1089.189 1135.360 1173.910 1201.433 1218.615 1228.162 1233.189 1235.872 1237.255 1237.884 1238.102 1238.145 1238.145 1238.145 1238.145 1238.145 1238.145 1238.145 1238.145 1238.145 1238.145 1238.145 1238.145 1238.145 1238.145 1238.145
1227.304 1245.879 1253.443 1248.131 1229.899 1200.501 1162.985 1120.891 1077.409 1034.784 994.100 955.513 918.738 883.547 850.263 819.889 794.002 774.382 762.541 759.281 764.544 777.323 795.808 817.699 840.680 862.769 882.667 900.152 915.527 928.855 939.407 946.120 949.810 954.052 964.364 985.603 1019.302 1062.276 1107.926 1149.134 1181.411 1203.967 1218.432 1227.288 1232.556 1235.476 1236.942 1237.590 1237.858 1237.997 1238.084 1238.128 1238.143 1238.145 1238.145 1238.145 1238.145 1238.145 1238.145 1238.145 1238.145 1238.145 1238.145
1199.057 1212.800 1216.400 1208.336 1188.784 1159.604 1123.845 1084.950 1045.852 1008.386 973.117 939.625 907.093 874.856 842.889 811.961 783.535 759.431 741.452 730.943 728.617 734.339 747.078 765.085 786.262 808.522 830.356 851.352 871.772 891.629 909.814 924.201 934.094 941.508 951.155 968.394 996.518 1034.467 1077.505 1119.373 1155.169 1182.845 1202.742 1216.349 1225.197 1230.573 1233.679 1235.447 1236.528 1237.267 1237.752 1238.011 1238.116 1238.143 1238.145 1238.145 1238.145 1238.145 1238.145 1238.145 1238.145 1238.145 1238.145
1159.727 1168.633 1168.760 1158.925 1139.462 1112.220 1080.142 1046.463 1013.832 983.691 956.127 930.224 904.688 878.394 850.884 822.533 794.456 768.285 745.893 729.030 719.109 716.874 722.164 733.952 750.594 770.194 791.254 813.203 836.157 859.991 883.349 903.520 918.816 929.956 940.478 955.362 978.566 1010.646 1048.811 1088.421 1125.083 1156.161 1180.769 1199.190 1212.140 1220.716 1226.313 1230.138 1232.980 1235.167 1236.695 1237.581 1237.983 1238.116 1238.143 1238.145 1238.145 1238.145 1238.145 1238.145 1238.145 1238.145 1238.145
1110.968 1115.667 1113.394 1103.247 1085.579 1062.090 1035.486 1008.721 984.141 962.863 944.621 928.118 911.687 893.772 873.407 850.397 825.293 799.306 774.187 751.953 734.631 723.809 720.257 723.781 733.413 747.715 765.417 785.903 809.091 834.648 861.063 885.442 905.621 921.338 934.766 949.666 969.526 995.687 1027.215 1061.629 1095.992 1127.872 1155.502 1177.802 1194.449 1206.167 1214.514 1220.969 1226.411 1230.988 1234.415 1236.549 1237.619 1238.026 1238.131 1238.145 1238.145 1238.145 1238.145 1238.145 1238.145 1238.145 1238.145
1056.321 1057.864 1054.534 1045.589 1031.272 1012.994 993.113 974.247 958.454 946.629 938.307 932.005 925.815 917.812 906.484 890.931 870.977 847.211 821.078 794.707 770.633 751.226 738.182 732.242 733.260 740.440 752.911 770.096 791.677 817.070 844.674 871.746 896.113 916.943 935.031 952.336 970.950 992.198 1016.652 1044.260 1074.191 1104.773 1133.575 1158.137 1176.945 1190.397 1200.402 1208.954 1217.078 1224.589 1230.647 1234.707 1236.908 1237.830 1238.102 1238.145 1238.145 1238.145 1238.145 1238.145 1238.145 1238.145 1238.145
1000.429 999.915 996.680 990.029 979.995 967.622 954.849 943.938 936.704 933.930 935.132 938.815 942.975 945.398 944.030 937.218 923.958 904.102 878.649 849.677 820.095 792.941 770.794 755.357 747.377 746.798 753.195 766.033 784.731 808.424 835.496 863.624 891.022 916.700 940.317 961.845 981.500 1000.018 1019.022 1040.652 1066.246 1095.010 1123.804 1148.729 1167.174 1179.443 1188.293 1196.742 1206.278 1216.377 1225.357 1231.883 1235.706 1237.460 1238.035 1238.143 1238.145 1238.145 1238.145 1238.145 1238.145 1238.145 1238.145
947.810 946.014 943.444 939.401 933.689 926.976 920.795 917.046 917.362 922.505 932.098 944.758 958.498 970.904 979.426 981.714 975.943 961.209 937.980 908.165 874.865 841.652 811.883 788.145 772.060 764.264 764.732 772.910 787.943 808.704 833.668 861.140 890.012 919.489 948.437 975.143 997.976 1016.863 1033.980 1053.016 1076.846 1105.113 1133.750 1157.366 1172.473 1179.722 1183.332 1188.042 1196.334 1207.548 1219.001 1228.176 1233.994 1236.878 1237.915 1238.133 1238.145 1238.145 1238.145 1238.145 1238.145 1238.145 1238.145
901.706 898.871 896.815 894.862 892.664 890.578 889.781 891.861 898.287 909.837 926.289 946.429 968.339 989.485 1006.958 1017.826 1019.586 1010.652 990.951 962.118 927.285 890.369 855.339 825.512 803.215 789.633 784.993 788.685 799.610 816.491 838.042 863.310 892.023 923.803 957.130 989.133 1016.862 1039.449 1059.153 1080.309 1106.342 1136.564 1165.741 1187.028 1196.325 1195.036 1189.336 1186.267 1189.921 1199.901 1212.615 1224.064 1231.944 1236.132 1237.741 1238.116 1238.145 1238.145 1238.145 1238.145 1238.145 1238.145 1238.145
