prediction_s2s__medianmodel_07-Feb-2021_3rdday.asc
ncols	141
nrows	288
xllcorner	-120191.398
yllcorner	-301404.813
cellsize	2000.000
NODATA_value	-999.250
[rows 252 to 279 of 288, columns 63 to 125 of 141]
1238.488 1222.520 1205.035 1188.971 1176.465 1168.341 1163.933 1161.242 1157.403 1149.517 1135.743 1116.493 1094.652 1074.842 1062.070 1060.164 1071.117 1094.462 1126.184 1159.052 1183.749 1192.089 1180.872 1154.528 1123.468 1098.760 1087.136 1088.860 1098.715 1109.636 1117.253 1120.718 1121.439 1121.149 1120.790 1120.635 1120.624 1120.624 1120.624 1120.624 1120.624 1120.624 1120.624 1120.624 1120.624 1120.624 1120.624 1120.624 1120.624 1120.624 1120.624 1120.624 1120.624 1120.624 1120.624 1120.624 1120.624 1120.624 1120.624 1120.624 1120.624 1120.624 1120.624
1220.934 1202.041 1181.433 1162.697 1148.372 1139.423 1135.120 1133.347 1131.128 1125.452 1114.394 1098.235 1079.615 1062.892 1052.929 1053.549 1067.081 1093.443 1128.675 1164.876 1191.476 1199.213 1184.835 1153.995 1118.828 1091.771 1080.007 1083.266 1095.135 1107.617 1116.149 1120.097 1121.083 1120.968 1120.727 1120.627 1120.624 1120.624 1120.624 1120.624 1120.624 1120.624 1120.624 1120.624 1120.624 1120.624 1120.624 1120.624 1120.624 1120.624 1120.624 1120.624 1120.624 1120.624 1120.624 1120.624 1120.624 1120.624 1120.624 1120.624 1120.624 1120.624 1120.624
1197.716 1177.411 1155.580 1136.097 1121.640 1113.154 1109.801 1109.335 1108.706 1104.903 1096.058 1082.440 1066.543 1052.503 1044.992 1047.718 1063.151 1091.467 1128.881 1167.329 1195.641 1203.879 1188.467 1155.297 1117.164 1087.422 1073.992 1076.919 1089.540 1103.398 1113.411 1118.604 1120.427 1120.754 1120.678 1120.624 1120.624 1120.624 1120.624 1120.624 1120.624 1120.624 1120.624 1120.624 1120.624 1120.624 1120.624 1120.624 1120.624 1120.624 1120.624 1120.624 1120.624 1120.624 1120.624 1120.624 1120.624 1120.624 1120.624 1120.624 1120.624 1120.624 1120.624
1173.780 1153.608 1132.146 1113.230 1099.477 1091.774 1089.227 1089.583 1089.859 1087.185 1079.863 1068.206 1054.563 1042.808 1037.270 1041.423 1057.674 1086.369 1124.163 1163.474 1193.382 1203.730 1190.247 1157.870 1118.826 1086.753 1070.483 1071.237 1083.188 1097.927 1109.634 1116.540 1119.585 1120.522 1120.642 1120.624 1120.624 1120.624 1120.624 1120.624 1120.624 1120.624 1120.624 1120.624 1120.624 1120.624 1120.624 1120.624 1120.624 1120.624 1120.624 1120.624 1120.624 1120.624 1120.624 1120.624 1120.624 1120.624 1120.624 1120.624 1120.624 1120.624 1120.624
1154.045 1135.087 1114.817 1096.799 1083.561 1076.008 1073.354 1073.528 1073.767 1071.465 1065.132 1055.084 1043.431 1033.627 1029.537 1034.258 1050.032 1077.344 1113.611 1152.408 1183.888 1198.143 1189.807 1161.753 1124.356 1090.813 1070.912 1067.798 1077.476 1092.201 1105.380 1114.128 1118.590 1120.256 1120.603 1120.624 1120.624 1120.624 1120.624 1120.624 1120.624 1120.624 1120.624 1120.624 1120.624 1120.624 1120.624 1120.624 1120.624 1120.624 1120.624 1120.624 1120.624 1120.624 1120.624 1120.624 1120.624 1120.624 1120.624 1120.624 1120.624 1120.624 1120.624
1141.579 1124.183 1105.015 1087.353 1073.708 1065.179 1061.276 1060.270 1059.744 1057.404 1051.906 1043.447 1033.729 1025.635 1022.446 1026.857 1040.922 1065.318 1098.481 1135.679 1168.768 1188.439 1188.000 1167.422 1134.185 1100.270 1076.341 1067.958 1073.721 1087.202 1101.224 1111.616 1117.497 1119.943 1120.554 1120.624 1120.624 1120.624 1120.624 1120.624 1120.624 1120.624 1120.624 1120.624 1120.624 1120.624 1120.624 1120.624 1120.624 1120.624 1120.624 1120.624 1120.624 1120.624 1120.624 1120.624 1120.624 1120.624 1120.624 1120.624 1120.624 1120.624 1120.624
1136.973 1120.711 1101.862 1083.565 1068.470 1058.021 1052.121 1049.453 1047.991 1045.695 1041.277 1034.641 1026.932 1020.350 1017.562 1020.938 1032.408 1052.946 1082.101 1117.054 1151.677 1177.526 1186.571 1175.533 1148.305 1115.027 1087.011 1072.364 1072.747 1083.616 1097.602 1109.203 1116.364 1119.593 1120.496 1120.624 1120.624 1120.624 1120.624 1120.624 1120.624 1120.624 1120.624 1120.624 1120.624 1120.624 1120.624 1120.624 1120.624 1120.624 1120.624 1120.624 1120.624 1120.624 1120.624 1120.624 1120.624 1120.624 1120.624 1120.624 1120.624 1120.624 1120.624
1139.049 1123.104 1103.691 1083.997 1066.937 1054.320 1046.421 1042.288 1040.224 1038.388 1035.430 1030.854 1025.157 1019.828 1017.007 1018.866 1027.366 1043.821 1068.819 1101.351 1137.271 1169.128 1187.794 1186.848 1166.408 1134.349 1102.322 1080.854 1074.743 1081.759 1094.768 1107.030 1115.239 1119.214 1120.432 1120.624 1120.624 1120.624 1120.624 1120.624 1120.624 1120.624 1120.624 1120.624 1120.624 1120.624 1120.624 1120.624 1120.624 1120.624 1120.624 1120.624 1120.624 1120.624 1120.624 1120.624 1120.624 1120.624 1120.624 1120.624 1120.624 1120.624 1120.624
1145.598 1129.408 1109.126 1088.099 1069.479 1055.307 1046.097 1041.157 1039.066 1038.124 1036.872 1034.386 1030.498 1026.046 1022.774 1022.845 1028.411 1041.160 1062.457 1092.758 1129.612 1166.537 1193.682 1201.971 1187.968 1157.127 1121.157 1092.641 1079.383 1081.606 1092.806 1105.202 1114.197 1118.843 1120.373 1120.624 1120.624 1120.624 1120.624 1120.624 1120.624 1120.624 1120.624 1120.624 1120.624 1120.624 1120.624 1120.624 1120.624 1120.624 1120.624 1120.624 1120.624 1120.624 1120.624 1120.624 1120.624 1120.624 1120.624 1120.624 1120.624 1120.624 1120.624
1154.697 1138.478 1118.029 1096.777 1077.878 1063.390 1053.896 1048.880 1047.184 1047.279 1047.619 1046.882 1044.300 1040.167 1036.000 1034.108 1036.984 1046.697 1065.077 1093.552 1130.918 1171.534 1205.214 1220.865 1212.055 1181.917 1141.966 1106.447 1085.842 1082.752 1091.571 1103.692 1113.254 1118.487 1120.315 1120.622 1120.624 1120.624 1120.624 1120.624 1120.624 1120.624 1120.624 1120.624 1120.624 1120.624 1120.624 1120.624 1120.624 1120.624 1120.624 1120.624 1120.624 1120.624 1120.624 1120.624 1120.624 1120.624 1120.624 1120.624 1120.624 1120.624 1120.624
1166.040 1150.834 1131.786 1112.094 1094.625 1081.191 1072.319 1067.669 1066.389 1067.191 1068.528 1068.775 1066.672 1062.119 1056.541 1052.526 1053.003 1060.387 1076.683 1103.786 1141.269 1184.114 1222.116 1242.800 1237.443 1207.148 1163.093 1120.805 1093.062 1084.560 1090.727 1102.339 1112.343 1118.116 1120.241 1120.614 1120.624 1120.624 1120.624 1120.624 1120.624 1120.624 1120.624 1120.624 1120.624 1120.624 1120.624 1120.624 1120.624 1120.624 1120.624 1120.624 1120.624 1120.624 1120.624 1120.624 1120.624 1120.624 1120.624 1120.624 1120.624 1120.624 1120.624
1180.637 1168.028 1152.303 1136.053 1121.531 1110.135 1102.301 1097.913 1096.521 1097.182 1098.459 1098.557 1095.875 1090.066 1082.588 1076.355 1074.724 1080.414 1095.378 1121.546 1158.860 1202.712 1243.052 1266.570 1262.932 1231.584 1183.337 1134.668 1100.230 1086.507 1089.957 1100.950 1111.338 1117.656 1120.119 1120.591 1120.624 1120.624 1120.624 1120.624 1120.624 1120.624 1120.624 1120.624 1120.624 1120.624 1120.624 1120.624 1120.624 1120.624 1120.624 1120.624 1120.624 1120.624 1120.624 1120.624 1120.624 1120.624 1120.624 1120.624 1120.624 1120.624 1120.624
1199.576 1191.042 1180.170 1168.635 1157.863 1148.778 1141.781 1137.064 1134.649 1134.025 1133.974 1132.685 1128.389 1120.623 1110.954 1102.591 1099.250 1103.851 1118.130 1143.783 1180.831 1224.908 1266.223 1291.057 1288.033 1255.240 1203.010 1148.461 1107.760 1088.908 1089.433 1099.567 1110.222 1117.070 1119.927 1120.553 1120.624 1120.624 1120.624 1120.624 1120.624 1120.624 1120.624 1120.624 1120.624 1120.624 1120.624 1120.624 1120.624 1120.624 1120.624 1120.624 1120.624 1120.624 1120.624 1120.624 1120.624 1120.624 1120.624 1120.624 1120.624 1120.624 1120.624
1223.503 1219.677 1214.095 1207.369 1200.101 1192.807 1185.952 1180.064 1175.648 1172.632 1170.093 1166.338 1159.627 1149.536 1137.767 1127.732 1123.331 1127.539 1141.790 1167.362 1204.230 1248.258 1290.017 1315.707 1313.240 1279.452 1223.913 1164.017 1117.142 1092.760 1089.661 1098.346 1108.970 1116.307 1119.630 1120.490 1120.622 1120.624 1120.624 1120.624 1120.624 1120.624 1120.624 1120.624 1120.624 1120.624 1120.624 1120.624 1120.624 1120.624 1120.624 1120.624 1120.624 1120.624 1120.624 1120.624 1120.624 1120.624 1120.624 1120.624 1120.624 1120.624 1120.624
1252.071 1252.374 1251.098 1247.951 1242.902 1236.244 1228.563 1220.698 1213.520 1207.332 1201.514 1194.638 1185.173 1172.884 1159.604 1148.788 1144.301 1148.949 1163.817 1189.746 1226.689 1270.857 1313.360 1340.556 1339.714 1306.256 1248.507 1183.706 1130.244 1099.263 1091.239 1097.464 1107.558 1115.299 1119.179 1120.380 1120.613 1120.624 1120.624 1120.624 1120.624 1120.624 1120.624 1120.624 1120.624 1120.624 1120.624 1120.624 1120.624 1120.624 1120.624 1120.624 1120.624 1120.624 1120.624 1120.624 1120.624 1120.624 1120.624 1120.624 1120.624 1120.624 1120.624
1283.664 1286.416 1287.317 1285.526 1280.732 1273.207 1263.681 1253.188 1242.808 1233.092 1223.720 1213.636 1201.693 1187.924 1174.238 1163.937 1160.567 1166.559 1182.638 1209.313 1246.660 1291.501 1335.688 1365.863 1368.526 1337.310 1278.675 1209.264 1148.373 1109.243 1094.569 1097.022 1105.958 1113.977 1118.528 1120.201 1120.591 1120.624 1120.624 1120.624 1120.624 1120.624 1120.624 1120.624 1120.624 1120.624 1120.624 1120.624 1120.624 1120.624 1120.624 1120.624 1120.624 1120.624 1120.624 1120.624 1120.624 1120.624 1120.624 1120.624 1120.624 1120.624 1120.624
1316.106 1318.974 1319.311 1316.223 1309.506 1299.578 1287.314 1273.792 1260.110 1246.936 1234.245 1221.426 1207.822 1193.781 1181.152 1172.852 1171.835 1179.990 1197.732 1225.421 1263.501 1309.680 1356.720 1391.645 1399.943 1373.054 1314.973 1241.298 1172.186 1123.352 1100.260 1097.510 1104.481 1112.512 1117.734 1119.958 1120.553 1120.624 1120.624 1120.624 1120.624 1120.624 1120.624 1120.624 1120.624 1120.624 1120.624 1120.624 1120.624 1120.624 1120.624 1120.624 1120.624 1120.624 1120.624 1120.624 1120.624 1120.624 1120.624 1120.624 1120.624 1120.624 1120.624
1347.798 1348.378 1345.475 1338.612 1328.009 1314.383 1298.690 1281.909 1265.002 1248.659 1233.144 1218.368 1204.233 1191.345 1181.330 1176.466 1178.885 1189.815 1209.480 1238.327 1277.360 1325.378 1376.165 1417.125 1432.651 1411.754 1355.624 1278.396 1200.944 1141.582 1108.842 1099.647 1103.749 1111.294 1116.980 1119.708 1120.512 1120.624 1120.624 1120.624 1120.624 1120.624 1120.624 1120.624 1120.624 1120.624 1120.624 1120.624 1120.624 1120.624 1120.624 1120.624 1120.624 1120.624 1120.624 1120.624 1120.624 1120.624 1120.624 1120.624 1120.624 1120.624 1120.624
1377.770 1374.163 1366.015 1353.597 1337.752 1319.557 1299.986 1279.810 1259.775 1240.552 1222.737 1206.830 1193.294 1182.883 1176.815 1176.475 1183.020 1197.022 1218.636 1248.604 1288.572 1338.442 1392.995 1440.041 1463.043 1448.813 1395.752 1316.339 1231.749 1162.522 1120.136 1103.928 1104.380 1110.768 1116.497 1119.526 1120.480 1120.624 1120.624 1120.624 1120.624 1120.624 1120.624 1120.624 1120.624 1120.624 1120.624 1120.624 1120.624 1120.624 1120.624 1120.624 1120.624 1120.624 1120.624 1120.624 1120.624 1120.624 1120.624 1120.624 1120.624 1120.624 1120.624
1405.487 1396.646 1382.286 1363.529 1341.917 1318.851 1295.257 1271.653 1248.532 1226.572 1206.776 1190.287 1178.097 1171.013 1169.653 1174.376 1185.283 1202.331 1225.730 1256.605 1297.132 1348.095 1405.131 1456.619 1485.656 1477.545 1428.436 1349.010 1260.097 1183.541 1133.109 1110.317 1106.715 1111.270 1116.475 1119.485 1120.473 1120.624 1120.624 1120.624 1120.624 1120.624 1120.624 1120.624 1120.624 1120.624 1120.624 1120.624 1120.624 1120.624 1120.624 1120.624 1120.624 1120.624 1120.624 1120.624 1120.624 1120.624 1120.624 1120.624 1120.624 1120.624 1120.624
1430.804 1416.579 1396.063 1371.179 1344.086 1316.451 1289.076 1262.201 1236.068 1211.383 1189.620 1172.605 1161.857 1158.174 1161.520 1171.159 1186.173 1205.970 1230.818 1262.131 1302.294 1352.606 1409.400 1461.954 1493.948 1490.335 1445.893 1369.494 1280.658 1201.146 1145.920 1118.117 1110.641 1112.871 1116.997 1119.620 1120.499 1120.624 1120.624 1120.624 1120.624 1120.624 1120.624 1120.624 1120.624 1120.624 1120.624 1120.624 1120.624 1120.624 1120.624 1120.624 1120.624 1120.624 1120.624 1120.624 1120.624 1120.624 1120.624 1120.624 1120.624 1120.624 1120.624
1453.700 1434.710 1408.908 1378.880 1347.251 1315.853 1285.324 1255.602 1226.667 1199.247 1175.292 1157.337 1147.425 1146.393 1153.588 1167.279 1185.632 1207.526 1233.177 1264.043 1302.345 1349.464 1402.386 1451.719 1482.825 1481.645 1442.546 1372.583 1289.003 1211.952 1156.249 1125.946 1115.457 1115.293 1117.978 1119.919 1120.556 1120.624 1120.624 1120.624 1120.624 1120.624 1120.624 1120.624 1120.624 1120.624 1120.624 1120.624 1120.624 1120.624 1120.624 1120.624 1120.624 1120.624 1120.624 1120.624 1120.624 1120.624 1120.624 1120.624 1120.624 1120.624 1120.624
1473.792 1451.205 1421.568 1387.893 1353.099 1319.110 1286.389 1254.550 1223.278 1193.269 1166.869 1147.261 1137.031 1137.161 1146.572 1162.736 1183.059 1205.920 1231.270 1260.338 1294.886 1336.095 1381.614 1423.809 1450.643 1450.084 1416.922 1356.489 1282.980 1213.647 1161.946 1132.121 1120.074 1117.943 1119.157 1120.297 1120.630 1120.624 1120.624 1120.624 1120.624 1120.624 1120.624 1120.624 1120.624 1120.624 1120.624 1120.624 1120.624 1120.624 1120.624 1120.624 1120.624 1120.624 1120.624 1120.624 1120.624 1120.624 1120.624 1120.624 1120.624 1120.624 1120.624
1490.301 1465.678 1433.961 1398.358 1361.965 1326.727 1292.942 1259.920 1227.003 1194.762 1165.775 1143.740 1131.769 1131.141 1140.604 1157.135 1177.589 1199.860 1223.486 1249.274 1278.389 1311.724 1347.578 1380.294 1400.836 1399.837 1373.013 1324.118 1264.021 1206.328 1162.235 1135.592 1123.611 1120.268 1120.270 1120.664 1120.697 1120.624 1120.624 1120.624 1120.624 1120.624 1120.624 1120.624 1120.624 1120.624 1120.624 1120.624 1120.624 1120.624 1120.624 1120.624 1120.624 1120.624 1120.624 1120.624 1120.624 1120.624 1120.624 1120.624 1120.624 1120.624 1120.624
1502.052 1477.253 1445.348 1409.563 1373.071 1337.836 1304.073 1270.824 1237.093 1203.214 1171.787 1146.789 1131.790 1128.443 1135.602 1150.130 1168.601 1188.562 1209.109 1230.595 1253.621 1278.650 1304.539 1327.452 1341.269 1339.384 1318.778 1281.923 1236.465 1192.278 1157.815 1136.166 1125.604 1121.885 1121.096 1120.932 1120.743 1120.624 1120.624 1120.624 1120.624 1120.624 1120.624 1120.624 1120.624 1120.624 1120.624 1120.624 1120.624 1120.624 1120.624 1120.624 1120.624 1120.624 1120.624 1120.624 1120.624 1120.624 1120.624 1120.624 1120.624 1120.624 1120.624
1507.335 1484.585 1454.563 1420.380 1385.190 1351.037 1318.154 1285.467 1251.713 1216.909 1183.436 1155.289 1136.307 1128.557 1131.276 1141.591 1156.176 1172.459 1189.261 1206.461 1224.067 1242.050 1259.556 1274.163 1282.170 1279.529 1264.460 1238.541 1206.715 1175.510 1150.740 1134.625 1126.211 1122.735 1121.570 1121.077 1120.763 1120.624 1120.624 1120.624 1120.624 1120.624 1120.624 1120.624 1120.624 1120.624 1120.624 1120.624 1120.624 1120.624 1120.624 1120.624 1120.624 1120.624 1120.624 1120.624 1120.624 1120.624 1120.624 1120.624 1120.624 1120.624 1120.624
1503.957 1485.871 1460.126 1429.491 1397.041 1364.932 1333.575 1301.961 1268.707 1233.529 1198.413 1167.107 1143.561 1130.239 1127.015 1131.696 1141.419 1153.768 1167.268 1181.225 1194.989 1207.961 1219.324 1227.707 1231.319 1228.155 1217.502 1200.352 1179.650 1159.291 1142.893 1131.873 1125.758 1122.897 1121.694 1121.092 1120.752 1120.624 1120.624 1120.624 1120.624 1120.624 1120.624 1120.624 1120.624 1120.624 1120.624 1120.624 1120.624 1120.624 1120.624 1120.624 1120.624 1120.624 1120.624 1120.624 1120.624 1120.624 1120.624 1120.624 1120.624 1120.624 1120.624
1490.121 1479.354 1460.410 1435.460 1407.328 1378.241 1348.909 1318.580 1285.951 1250.537 1213.927 1179.511 1151.232 1131.998 1122.534 1121.591 1126.960 1136.335 1147.823 1159.982 1171.451 1181.106 1188.200 1192.191 1192.634 1189.036 1181.443 1170.530 1157.907 1145.629 1135.641 1128.738 1124.683 1122.585 1121.565 1121.016 1120.726 1120.624 1120.624 1120.624 1120.624 1120.624 1120.624 1120.624 1120.624 1120.624 1120.624 1120.624 1120.624 1120.624 1120.624 1120.624 1120.624 1120.624 1120.624 1120.624 1120.624 1120.624 1120.624 1120.624 1120.624 1120.624 1120.624
