prediction_s2s__medianmodel_07-Feb-2021_7thday.asc
ncols	141
nrows	288
xllcorner	-120191.398
yllcorner	-301404.813
cellsize	2000.000
NODATA_value	-999.250
[rows 203 to 231 of 288, columns 65 to 129 of 141]
1247.677 1244.876 1245.363 1249.780 1258.479 1271.525 1288.546 1308.579 1330.390 1352.748 1374.608 1395.266 1414.193 1430.465 1442.617 1448.928 1447.907 1439.033 1423.412 1403.289 1381.034 1358.416 1335.732 1311.531 1283.493 1249.278 1207.025 1157.111 1103.443 1052.014 1008.560 977.034 957.978 948.441 944.284 942.395 941.045 939.910 939.342 939.355 939.494 939.540 939.551 939.552 939.552 939.552 939.552 939.552 939.552 939.552 939.552 939.552 939.552 939.552 939.552 939.552 939.552 939.552 939.552 939.552 939.552 939.552 939.552 939.552 939.552
1249.633 1247.631 1248.038 1251.208 1257.384 1266.759 1279.321 1294.618 1311.978 1330.657 1349.930 1369.205 1387.873 1404.844 1418.479 1426.977 1428.813 1423.452 1411.827 1395.808 1377.166 1356.983 1334.924 1309.205 1277.577 1238.175 1189.921 1134.135 1075.503 1020.669 975.878 945.322 929.414 924.765 926.446 930.326 933.810 936.142 937.676 938.726 939.285 939.484 939.540 939.551 939.552 939.552 939.552 939.552 939.552 939.552 939.552 939.552 939.552 939.552 939.552 939.552 939.552 939.552 939.552 939.552 939.552 939.552 939.552 939.552 939.552
1243.508 1242.533 1243.114 1245.360 1249.463 1255.793 1264.711 1276.272 1290.284 1306.394 1324.060 1342.676 1361.490 1379.255 1394.270 1404.783 1409.355 1407.438 1399.755 1387.658 1372.255 1353.922 1331.808 1303.977 1268.451 1223.972 1170.294 1109.516 1046.734 988.874 942.500 912.110 898.307 897.700 904.889 914.794 923.800 930.446 934.833 937.477 938.806 939.338 939.507 939.547 939.552 939.552 939.552 939.552 939.552 939.552 939.552 939.552 939.552 939.552 939.552 939.552 939.552 939.552 939.552 939.552 939.552 939.552 939.552 939.552 939.552
1229.720 1229.811 1230.698 1232.290 1234.764 1238.690 1244.784 1253.548 1265.187 1279.619 1296.383 1314.761 1333.811 1352.186 1368.238 1380.399 1387.416 1388.773 1384.892 1376.562 1364.165 1347.416 1325.054 1295.183 1256.228 1207.609 1149.891 1085.718 1020.216 960.141 912.079 880.793 867.390 869.025 880.352 895.669 910.382 922.050 930.166 935.184 937.837 939.005 939.420 939.532 939.551 939.552 939.552 939.552 939.552 939.552 939.552 939.552 939.552 939.552 939.552 939.552 939.552 939.552 939.552 939.552 939.552 939.552 939.552 939.552 939.552
1209.841 1210.914 1212.121 1213.210 1214.376 1216.376 1220.229 1226.813 1236.653 1249.856 1265.953 1284.095 1303.161 1321.773 1338.428 1351.843 1361.007 1365.426 1365.191 1360.485 1351.008 1335.886 1313.599 1282.411 1241.222 1190.120 1130.370 1064.939 998.640 937.643 888.163 855.040 840.085 841.500 854.649 873.778 893.585 910.541 923.143 931.389 936.066 938.314 939.200 939.477 939.541 939.551 939.552 939.552 939.552 939.552 939.552 939.552 939.552 939.552 939.552 939.552 939.552 939.552 939.552 939.552 939.552 939.552 939.552 939.552 939.552
1185.894 1187.889 1189.443 1190.158 1190.227 1190.542 1192.362 1196.887 1204.892 1216.654 1231.719 1249.148 1267.724 1286.119 1303.026 1317.446 1328.574 1335.891 1339.131 1337.921 1331.380 1318.201 1296.735 1265.485 1223.807 1172.334 1112.859 1048.472 983.473 923.140 872.968 837.580 819.457 818.163 830.367 850.947 874.380 896.173 913.604 925.793 933.207 937.077 938.753 939.344 939.511 939.548 939.552 939.552 939.552 939.552 939.552 939.552 939.552 939.552 939.552 939.552 939.552 939.552 939.552 939.552 939.552 939.552 939.552 939.552 939.552
1160.187 1163.183 1165.265 1165.827 1164.980 1163.658 1163.283 1165.312 1170.785 1180.205 1193.255 1209.048 1226.406 1244.117 1261.057 1276.412 1289.469 1299.589 1306.158 1308.357 1304.887 1294.179 1274.585 1244.847 1204.684 1155.091 1098.176 1036.999 975.281 917.303 867.576 830.215 808.106 802.177 810.780 830.045 854.872 880.183 902.062 918.468 929.161 935.164 937.995 939.100 939.452 939.541 939.552 939.552 939.552 939.552 939.552 939.552 939.552 939.552 939.552 939.552 939.552 939.552 939.552 939.552 939.552 939.552 939.552 939.552 939.552
1135.125 1139.427 1142.429 1143.226 1141.717 1138.734 1135.761 1134.480 1136.252 1141.925 1151.516 1164.412 1179.636 1196.160 1212.980 1229.313 1244.370 1257.295 1267.133 1272.729 1272.549 1264.941 1248.332 1221.677 1184.930 1139.254 1086.867 1030.688 973.885 919.801 871.885 833.474 807.488 795.911 798.829 814.067 837.569 864.306 889.464 909.768 923.941 932.459 936.775 938.586 939.196 939.349 939.366 939.377 939.405 939.441 939.480 939.513 939.535 939.547 939.552 939.552 939.552 939.552 939.552 939.552 939.552 939.552 939.552 939.552 939.552
1112.932 1119.165 1123.812 1125.518 1123.778 1119.176 1113.152 1107.594 1104.262 1104.538 1109.004 1117.557 1129.599 1144.334 1160.810 1178.123 1195.243 1210.988 1224.080 1233.124 1236.506 1232.609 1219.997 1197.793 1166.033 1125.869 1079.434 1029.422 978.541 929.379 884.438 846.173 817.175 799.994 796.144 805.273 824.833 850.477 877.042 900.202 917.492 928.536 934.443 937.034 937.925 938.161 938.257 938.418 938.653 938.919 939.165 939.351 939.468 939.528 939.549 939.552 939.552 939.552 939.552 939.552 939.552 939.552 939.552 939.552 939.552
1096.193 1105.459 1112.941 1116.609 1115.335 1109.262 1099.698 1088.778 1078.817 1071.938 1069.540 1072.245 1079.970 1092.180 1107.907 1125.997 1145.061 1163.540 1179.831 1192.389 1199.606 1199.968 1192.197 1175.497 1149.869 1116.291 1076.657 1033.366 988.763 944.918 903.621 866.547 835.719 813.752 803.066 804.897 818.385 840.374 865.974 890.216 909.537 922.563 929.837 933.136 934.339 934.808 935.262 935.953 936.813 937.698 938.461 939.007 939.335 939.492 939.545 939.552 939.552 939.552 939.552 939.552 939.552 939.552 939.552 939.552 939.552
1087.988 1101.907 1113.872 1120.925 1121.024 1113.676 1100.017 1082.534 1064.315 1048.498 1037.532 1032.913 1035.143 1043.924 1058.221 1076.564 1097.167 1118.071 1137.405 1153.510 1164.825 1169.936 1167.683 1157.267 1138.537 1112.177 1079.722 1043.226 1004.734 966.024 928.460 893.156 861.543 835.920 819.041 813.258 819.254 835.306 857.322 880.266 899.801 913.631 921.650 925.450 927.066 928.129 929.503 931.387 933.537 935.616 937.317 938.479 939.147 939.450 939.543 939.552 939.552 939.552 939.552 939.552 939.552 939.552 939.552 939.552 939.552
1091.392 1112.041 1130.505 1142.573 1145.014 1136.524 1118.083 1092.694 1064.514 1037.975 1016.792 1003.418 998.946 1003.257 1015.197 1032.965 1054.393 1077.189 1099.262 1118.881 1134.519 1144.830 1148.670 1145.142 1133.817 1114.983 1089.743 1059.750 1026.818 992.594 958.300 924.778 893.013 864.820 842.800 829.863 827.823 836.326 852.385 871.459 888.938 901.909 909.699 913.648 915.805 917.944 920.951 924.826 929.013 932.880 935.913 937.898 938.978 939.432 939.549 939.552 939.552 939.552 939.552 939.552 939.552 939.552 939.552 939.552 939.552
1109.151 1138.896 1165.979 1184.641 1190.191 1180.410 1156.214 1121.380 1081.445 1042.439 1009.507 986.082 973.769 972.547 981.077 997.245 1018.585 1042.569 1066.976 1090.043 1110.250 1126.229 1136.717 1140.574 1136.965 1125.694 1107.384 1083.315 1055.109 1024.435 992.585 960.406 928.677 898.766 872.827 853.800 844.093 844.415 852.930 865.984 879.260 889.647 896.113 899.734 902.442 906.002 911.163 917.585 924.290 930.265 934.752 937.542 938.958 939.479 939.570 939.552 939.552 939.552 939.552 939.552 939.552 939.552 939.552 939.552 939.552
1142.985 1184.095 1221.648 1248.056 1257.008 1245.346 1214.123 1168.189 1114.781 1061.777 1015.848 981.366 960.322 952.668 956.825 970.399 990.729 1015.192 1041.539 1068.001 1093.026 1115.087 1132.644 1144.147 1148.247 1144.228 1132.264 1113.329 1088.940 1060.878 1030.634 999.240 967.491 936.468 907.817 884.142 867.952 860.585 861.203 867.202 874.940 881.547 885.810 888.547 891.488 896.279 903.416 912.187 921.165 928.922 934.491 937.731 939.206 939.619 939.609 939.552 939.552 939.552 939.552 939.552 939.552 939.552 939.552 939.552 939.552
1192.057 1246.107 1295.152 1329.660 1341.681 1327.262 1287.811 1229.506 1161.493 1093.606 1034.040 988.006 957.749 943.087 942.164 952.350 970.912 995.249 1023.193 1052.986 1082.963 1111.317 1136.067 1155.115 1166.538 1169.123 1162.685 1148.016 1126.623 1100.461 1071.260 1040.305 1008.547 976.971 946.820 920.223 899.442 886.018 879.771 879.060 881.062 883.357 884.726 885.775 888.044 893.044 901.059 911.069 921.267 929.830 935.636 938.682 939.784 939.857 939.660 939.552 939.552 939.552 939.552 939.552 939.552 939.552 939.552 939.552 939.552
1252.460 1319.736 1379.990 1421.866 1436.010 1417.932 1369.621 1298.684 1216.144 1133.670 1060.838 1003.548 964.193 942.412 936.082 942.416 958.698 982.469 1011.683 1044.600 1079.368 1113.788 1145.332 1171.288 1189.174 1197.363 1195.461 1184.211 1165.212 1140.587 1112.289 1081.826 1050.353 1018.912 988.548 960.955 937.965 921.000 910.134 904.335 901.468 899.590 897.516 895.785 895.907 899.380 906.415 915.858 925.611 933.522 938.406 940.440 940.670 940.166 939.714 939.552 939.552 939.552 939.552 939.552 939.552 939.552 939.552 939.552 939.552
1317.878 1396.960 1466.579 1513.944 1528.758 1506.392 1449.559 1367.190 1271.866 1176.711 1092.334 1025.132 977.572 949.141 937.532 939.907 953.660 976.536 1006.630 1042.177 1081.081 1120.699 1157.926 1189.487 1212.443 1224.917 1226.456 1217.882 1200.933 1177.862 1150.752 1121.252 1090.691 1060.254 1030.989 1004.303 981.569 963.881 951.191 942.633 936.431 930.941 925.035 919.358 915.652 915.618 919.575 926.431 933.913 939.638 942.447 942.727 941.690 940.468 939.754 939.552 939.552 939.552 939.552 939.552 939.552 939.552 939.552 939.552 939.552
1380.174 1467.911 1543.622 1593.745 1607.689 1581.080 1517.377 1426.480 1321.931 1217.661 1124.845 1050.134 996.032 961.972 945.617 944.211 955.345 976.977 1007.317 1044.535 1086.266 1129.446 1170.498 1205.739 1231.976 1247.264 1251.225 1244.821 1229.904 1208.758 1183.468 1155.711 1126.927 1098.474 1071.548 1047.425 1027.090 1011.174 999.216 990.098 982.028 973.464 963.373 952.749 943.835 938.726 938.004 940.734 944.551 946.959 946.925 945.044 942.600 940.681 939.764 939.552 939.552 939.552 939.552 939.552 939.552 939.552 939.552 939.552 939.552
1431.066 1522.912 1600.487 1650.295 1662.154 1632.287 1564.723 1469.751 1361.055 1252.594 1155.530 1076.516 1018.085 979.771 959.398 954.464 962.820 982.638 1012.203 1049.600 1092.228 1136.721 1179.228 1215.895 1243.510 1260.230 1265.826 1261.358 1248.692 1230.010 1207.266 1182.087 1155.970 1130.447 1106.921 1086.644 1070.270 1057.896 1048.452 1040.278 1031.323 1020.013 1005.552 989.522 974.841 964.074 958.078 956.058 955.578 954.173 951.038 946.970 943.229 940.768 939.748 939.552 939.552 939.552 939.552 939.552 939.552 939.552 939.552 939.552 939.552
1464.727 1555.449 1630.383 1676.946 1686.018 1654.615 1587.012 1493.205 1386.157 1279.031 1182.408 1102.681 1042.404 1001.362 977.760 969.495 974.754 991.915 1019.336 1055.013 1096.210 1139.436 1180.823 1216.610 1243.791 1260.734 1267.356 1264.713 1254.556 1238.816 1219.231 1197.328 1174.642 1152.847 1133.534 1117.942 1106.426 1098.529 1092.503 1086.057 1076.786 1063.072 1044.524 1023.452 1003.461 987.500 976.606 970.025 965.290 960.148 954.120 948.174 943.467 940.716 939.709 939.552 939.552 939.552 939.552 939.552 939.552 939.552 939.552 939.552 939.552
1479.149 1563.705 1631.926 1672.884 1678.959 1648.015 1584.189 1496.526 1396.526 1295.884 1204.092 1127.036 1067.286 1024.984 998.877 987.390 989.106 1002.625 1026.380 1058.348 1095.781 1135.280 1173.198 1206.099 1231.341 1247.571 1254.770 1253.875 1246.379 1233.871 1217.826 1199.659 1180.939 1163.446 1148.876 1138.383 1132.042 1128.848 1126.449 1121.996 1112.792 1097.232 1075.451 1050.466 1026.380 1006.342 991.451 980.935 972.415 964.037 955.706 948.468 943.283 940.542 939.661 939.552 939.552 939.552 939.552 939.552 939.552 939.552 939.552 939.552 939.552
1476.241 1550.555 1609.033 1642.873 1646.161 1617.475 1560.469 1482.724 1393.786 1303.435 1219.754 1147.951 1090.565 1048.156 1020.088 1005.386 1003.080 1012.011 1030.732 1057.289 1089.066 1122.935 1155.658 1184.277 1206.598 1221.522 1229.018 1229.788 1224.947 1215.712 1203.299 1189.042 1174.556 1161.681 1152.119 1146.839 1145.608 1146.939 1148.017 1145.614 1136.891 1120.336 1096.634 1069.301 1042.651 1019.818 1001.920 988.187 976.537 965.651 955.792 947.946 942.784 940.310 939.615 939.552 939.552 939.552 939.552 939.552 939.552 939.552 939.552 939.552 939.552
1461.463 1522.895 1569.875 1595.891 1596.681 1571.349 1522.792 1456.867 1380.977 1302.830 1228.978 1163.848 1109.906 1068.094 1038.412 1020.494 1013.814 1017.501 1030.291 1050.380 1075.388 1102.585 1129.238 1152.925 1171.884 1185.224 1192.818 1195.050 1192.637 1186.428 1177.450 1167.008 1156.784 1148.656 1144.208 1144.107 1147.769 1153.290 1157.572 1157.250 1149.528 1133.078 1108.999 1080.987 1053.224 1028.693 1008.549 992.188 978.040 965.395 954.755 946.901 942.140 940.081 939.583 939.552 939.552 939.552 939.552 939.552 939.552 939.552 939.552 939.552 939.552
1442.102 1489.558 1524.492 1542.559 1540.917 1518.980 1478.792 1424.502 1361.476 1295.457 1231.514 1173.286 1123.110 1082.241 1051.226 1030.252 1019.219 1017.543 1024.188 1037.563 1055.604 1076.006 1096.559 1115.335 1130.959 1142.662 1150.173 1153.543 1153.115 1149.446 1143.469 1136.534 1130.438 1127.072 1127.783 1132.779 1141.035 1150.281 1157.300 1158.851 1152.406 1136.904 1113.681 1086.267 1058.459 1033.036 1011.260 992.902 977.038 963.506 952.855 945.539 941.462 939.884 939.564 939.552 939.552 939.552 939.552 939.552 939.552 939.552 939.552 939.552 939.552
1424.850 1458.599 1481.936 1492.316 1487.988 1468.511 1435.137 1390.555 1338.413 1282.800 1227.487 1175.400 1128.701 1088.842 1056.790 1033.172 1018.228 1011.658 1012.649 1019.860 1031.543 1045.820 1060.934 1075.381 1088.075 1098.304 1105.618 1109.767 1110.776 1108.999 1105.391 1101.466 1099.203 1100.484 1106.298 1116.190 1128.538 1140.730 1149.598 1152.310 1146.873 1132.627 1110.955 1084.953 1057.897 1032.339 1009.717 990.282 973.758 960.337 950.424 944.080 940.843 939.737 939.555 939.552 939.552 939.552 939.552 939.552 939.552 939.552 939.552 939.552 939.552
1414.065 1435.365 1448.198 1451.361 1443.858 1425.307 1396.348 1358.572 1314.353 1266.514 1217.798 1170.516 1126.633 1087.687 1054.913 1029.240 1011.162 1000.589 996.921 999.049 1005.519 1014.823 1025.570 1036.578 1046.953 1055.981 1063.032 1067.589 1069.425 1068.779 1066.769 1065.209 1066.334 1072.000 1082.680 1097.032 1112.665 1126.621 1135.980 1138.611 1133.376 1120.155 1100.278 1076.276 1050.817 1026.168 1003.907 984.721 968.796 956.462 947.876 942.748 940.354 939.643 939.552 939.552 939.552 939.552 939.552 939.552 939.552 939.552 939.552 939.552 939.552
1410.784 1421.350 1425.023 1421.494 1410.252 1390.978 1363.937 1330.016 1290.732 1247.994 1203.780 1159.913 1118.146 1080.019 1046.898 1019.878 999.592 986.094 978.954 977.266 979.836 985.453 993.001 1001.511 1010.195 1018.283 1024.975 1029.541 1031.557 1031.234 1030.006 1030.128 1034.147 1043.825 1058.939 1077.037 1094.807 1109.028 1117.224 1118.286 1112.214 1099.549 1081.519 1060.040 1037.143 1014.722 994.338 976.907 962.834 952.397 945.512 941.659 940.014 939.593 939.552 939.552 939.552 939.552 939.552 939.552 939.552 939.552 939.552 939.552 939.552
1412.608 1414.197 1410.077 1400.454 1385.146 1363.931 1336.922 1304.613 1267.975 1228.286 1186.961 1145.447 1105.299 1067.998 1034.939 1007.264 985.644 970.223 960.701 956.354 956.213 959.302 964.695 971.535 979.067 986.425 992.649 996.833 998.417 997.677 996.507 997.703 1004.123 1017.287 1036.068 1056.745 1075.154 1087.985 1093.516 1091.897 1084.360 1072.059 1056.033 1037.606 1018.200 999.273 982.163 967.792 956.525 948.505 943.465 940.821 939.787 939.566 939.552 939.552 939.552 939.552 939.552 939.552 939.552 939.552 939.552 939.552 939.552
1414.929 1409.190 1398.629 1383.734 1364.552 1341.012 1313.198 1281.396 1246.200 1208.437 1169.097 1129.357 1090.596 1054.203 1021.538 993.718 971.396 954.767 943.654 937.508 935.559 937.012 941.049 946.857 953.637 960.401 966.043 969.517 970.193 968.525 966.979 968.917 977.367 993.349 1014.648 1036.370 1053.747 1063.756 1065.724 1061.105 1052.191 1040.531 1026.896 1012.057 996.884 982.344 969.416 958.810 950.740 945.207 941.880 940.239 939.656 939.555 939.552 939.552 939.552 939.552 939.552 939.552 939.552 939.552 939.552 939.552 939.552
