prediction_s2s__medianmodel_07-Feb-2021_2ndday.asc
ncols	141
nrows	288
xllcorner	-120191.398
yllcorner	-301404.813
cellsize	2000.000
NODATA_value	-999.250
[rows 29 to 57 of 288, columns 65 to 129 of 141]
1012.620 1018.576 1033.652 1058.837 1093.868 1136.894 1184.368 1231.354 1272.215 1301.334 1314.198 1308.362 1284.076 1244.315 1194.273 1140.053 1087.305 1040.120 1000.697 969.622 946.566 930.796 921.455 917.590 918.169 922.115 928.424 936.281 944.947 953.645 961.443 967.368 970.523 970.361 966.891 960.707 952.785 944.247 936.097 928.999 923.290 918.999 915.895 913.635 911.788 909.796 907.023 902.823 896.526 887.647 876.026 861.992 846.460 830.777 816.319 803.736 792.534 781.474 769.395 756.301 743.811 734.725 731.782 736.805 750.054
1000.770 1007.561 1023.689 1049.590 1084.374 1125.602 1169.334 1210.529 1243.872 1264.523 1269.143 1256.587 1228.271 1187.900 1140.788 1092.602 1048.168 1010.617 981.227 959.818 945.489 937.124 933.652 934.075 937.443 942.883 949.658 957.216 964.990 972.286 978.200 981.787 982.261 979.276 973.076 964.450 954.505 944.418 935.230 927.675 922.172 918.799 917.293 917.180 917.814 918.408 918.127 916.184 911.831 904.560 894.210 881.157 866.322 851.000 836.460 823.376 811.460 799.854 787.809 775.477 764.296 756.614 754.702 760.167 773.371
984.388 991.946 1008.871 1035.045 1068.992 1107.811 1147.328 1182.586 1208.735 1221.806 1219.581 1202.090 1171.685 1132.555 1089.930 1048.948 1013.635 986.280 967.381 956.085 950.916 950.326 952.943 957.659 963.596 970.106 976.754 983.264 989.281 994.276 997.477 998.103 995.597 989.893 981.457 971.188 960.200 949.589 940.331 933.159 928.568 926.685 927.209 929.507 932.690 935.715 937.561 937.346 934.313 927.995 918.285 905.624 890.972 875.586 860.670 846.894 834.116 821.748 809.359 797.241 786.729 779.848 778.493 784.016 796.822
965.231 973.242 990.428 1016.182 1048.573 1084.390 1119.401 1148.899 1168.602 1175.397 1168.082 1147.657 1117.159 1081.025 1044.270 1011.472 985.931 969.213 961.146 960.272 964.542 971.912 980.655 989.509 997.668 1004.715 1010.519 1015.101 1018.378 1020.066 1019.679 1016.750 1011.078 1002.915 992.918 982.000 971.145 961.247 953.109 947.413 944.675 945.034 948.109 953.057 958.709 963.773 967.089 967.773 965.143 958.860 948.923 935.849 920.655 904.606 888.848 874.059 860.194 846.839 833.780 821.431 811.055 804.463 803.236 808.496 820.661
945.180 953.118 969.811 994.300 1024.353 1056.638 1087.039 1111.214 1125.486 1127.549 1117.046 1095.702 1066.995 1035.432 1005.715 981.870 966.559 960.729 963.621 973.214 986.895 1002.105 1016.738 1029.377 1039.274 1046.238 1050.445 1052.236 1051.850 1049.361 1044.708 1037.880 1029.117 1018.994 1008.308 997.893 988.488 980.695 975.077 972.194 972.514 976.104 982.403 990.295 998.279 1004.828 1008.722 1009.187 1005.725 998.229 986.887 972.325 955.653 938.169 920.991 904.805 889.613 875.074 861.086 848.120 837.383 830.514 828.866 833.396 844.582
925.974 933.197 948.548 970.869 997.835 1026.168 1052.011 1071.479 1081.486 1080.422 1068.581 1048.175 1022.902 997.177 975.339 960.889 955.930 960.864 974.415 994.060 1016.655 1039.159 1059.121 1074.964 1085.992 1092.228 1094.145 1092.427 1087.711 1080.535 1071.376 1060.763 1049.403 1038.162 1027.896 1019.274 1012.735 1008.544 1007.000 1008.477 1013.301 1021.342 1031.721 1042.930 1053.102 1060.491 1063.902 1062.788 1056.992 1046.765 1032.578 1015.253 996.019 976.234 957.016 939.029 922.279 906.400 891.267 877.334 865.711 857.917 855.185 858.433 868.300
908.928 914.810 928.025 947.379 970.626 994.728 1016.200 1031.653 1038.563 1035.881 1024.346 1006.443 985.871 966.845 953.290 948.217 953.215 968.216 991.503 1020.118 1050.505 1079.223 1103.540 1121.744 1133.173 1138.039 1137.120 1131.478 1122.221 1110.431 1097.169 1083.520 1070.613 1059.501 1051.016 1045.613 1043.414 1044.375 1048.535 1056.045 1066.963 1080.803 1096.202 1111.149 1123.355 1130.899 1132.698 1128.568 1118.832 1104.237 1085.675 1064.249 1041.350 1018.419 996.549 976.372 957.840 940.468 924.007 908.789 895.799 886.472 882.051 883.595 891.991
894.728 898.776 909.239 925.034 944.155 963.923 981.316 993.469 998.350 995.330 985.422 971.166 956.100 944.123 938.715 942.406 956.315 979.977 1011.325 1047.104 1083.483 1116.775 1144.047 1163.495 1174.494 1177.427 1173.387 1163.853 1150.454 1134.836 1118.627 1103.384 1090.526 1081.182 1076.067 1075.401 1079.040 1086.692 1098.164 1113.355 1131.917 1152.836 1174.109 1193.121 1207.159 1214.177 1213.305 1204.832 1189.687 1169.252 1144.959 1118.273 1090.791 1064.008 1038.978 1016.253 995.684 976.629 958.634 941.853 927.125 915.851 909.407 909.144 916.217
883.479 885.391 892.753 904.687 919.548 935.111 948.845 958.395 962.154 959.792 952.421 942.470 933.178 928.028 930.013 941.192 962.267 992.457 1029.474 1069.936 1109.918 1145.643 1174.112 1193.477 1203.182 1203.794 1196.731 1183.901 1167.447 1149.530 1132.226 1117.409 1106.627 1100.952 1100.903 1106.491 1117.365 1133.083 1153.263 1177.486 1204.892 1233.788 1261.429 1284.562 1300.113 1306.005 1301.659 1287.916 1266.400 1239.186 1208.324 1175.701 1143.113 1112.081 1083.567 1058.000 1035.103 1014.084 994.278 975.658 958.954 945.599 937.171 935.345 941.431
874.837 874.539 878.736 886.832 897.605 909.309 919.921 927.543 930.918 929.892 925.537 920.049 916.253 917.134 925.180 941.979 967.880 1001.894 1041.665 1083.866 1124.671 1160.402 1188.111 1206.017 1213.661 1211.826 1202.244 1187.237 1169.376 1151.217 1135.109 1123.061 1116.567 1116.516 1123.197 1136.425 1155.710 1180.519 1210.299 1244.263 1280.955 1317.945 1351.755 1378.590 1395.140 1399.444 1391.284 1372.058 1344.074 1310.082 1272.716 1234.268 1196.687 1161.463 1129.408 1100.800 1075.259 1051.885 1029.888 1009.159 990.408 975.138 965.088 962.086 967.317
868.094 865.729 866.976 871.559 878.690 887.095 895.211 901.531 905.066 905.732 904.470 903.128 904.059 909.702 922.020 942.171 970.232 1005.118 1044.571 1085.493 1124.334 1157.677 1182.764 1197.972 1203.017 1198.907 1187.665 1171.948 1154.625 1138.468 1125.917 1118.920 1118.778 1126.103 1140.920 1162.851 1191.303 1225.641 1265.122 1308.560 1353.912 1398.078 1437.019 1466.618 1483.562 1486.129 1474.494 1450.517 1417.064 1377.396 1334.618 1291.323 1249.548 1210.667 1175.327 1143.650 1115.191 1089.064 1064.517 1041.503 1020.833 1004.071 992.910 988.972 992.958
862.403 858.275 857.009 858.638 862.782 868.577 874.853 880.411 884.441 886.862 888.407 890.529 895.063 903.890 918.467 939.590 967.155 1000.118 1036.460 1073.446 1107.942 1136.903 1157.880 1169.508 1171.729 1165.788 1153.945 1139.057 1124.137 1112.005 1105.015 1104.913 1112.707 1128.674 1152.536 1183.693 1221.399 1264.876 1313.142 1364.639 1416.855 1466.243 1508.533 1539.610 1556.406 1557.541 1543.524 1516.507 1479.628 1436.422 1390.242 1343.833 1299.229 1257.668 1219.628 1185.125 1153.725 1124.688 1097.479 1072.259 1050.013 1032.238 1020.256 1015.056 1016.536
857.040 851.578 848.368 847.732 849.628 853.525 858.553 863.732 868.373 872.337 876.117 880.754 887.573 897.921 912.805 932.742 957.567 986.382 1017.511 1048.666 1077.189 1100.494 1116.503 1124.171 1123.702 1116.539 1105.099 1092.315 1081.209 1074.490 1074.333 1082.207 1098.766 1123.914 1157.011 1197.152 1243.349 1294.601 1349.665 1406.716 1463.013 1514.943 1558.382 1589.593 1605.947 1606.451 1591.802 1564.176 1526.654 1482.727 1435.734 1388.402 1342.704 1299.756 1259.943 1223.246 1189.345 1157.740 1128.243 1101.285 1077.959 1059.489 1046.488 1038.969 1035.979
851.524 845.221 840.699 838.506 838.863 841.470 845.684 850.665 855.797 860.859 866.109 872.191 879.970 890.323 903.897 921.031 941.593 964.914 989.701 1014.140 1036.063 1053.343 1064.301 1068.209 1065.500 1057.765 1047.462 1037.506 1030.822 1029.979 1036.930 1052.866 1078.079 1112.048 1153.696 1201.705 1254.736 1311.495 1370.527 1429.917 1487.021 1538.563 1580.988 1611.217 1627.192 1628.236 1615.041 1589.502 1554.317 1512.622 1467.496 1421.531 1376.612 1333.781 1293.432 1255.640 1220.260 1187.092 1156.288 1128.446 1104.541 1085.283 1070.365 1058.812 1049.138
845.657 839.033 833.801 830.687 830.078 831.841 835.473 840.239 845.561 851.140 857.017 863.500 871.065 880.215 891.364 904.765 920.401 937.869 956.266 974.203 989.959 1001.808 1008.418 1009.307 1005.056 997.296 988.441 981.330 978.783 983.261 996.560 1019.617 1052.366 1093.828 1142.404 1196.269 1253.663 1313.002 1372.739 1431.113 1485.915 1534.553 1574.326 1602.965 1618.977 1621.863 1612.077 1590.986 1560.655 1523.656 1482.680 1440.106 1397.730 1356.608 1317.227 1279.853 1244.587 1211.452 1180.807 1153.117 1128.918 1108.216 1089.893 1072.442 1054.593
839.575 833.105 827.670 824.111 822.931 824.096 827.213 831.626 836.777 842.292 848.034 854.035 860.491 867.656 875.823 885.272 896.150 908.325 921.229 933.838 944.770 952.605 956.231 955.279 950.332 942.935 935.394 930.456 930.916 939.233 957.152 985.425 1023.644 1070.339 1123.341 1180.279 1238.994 1297.716 1354.979 1409.430 1459.545 1503.626 1539.921 1566.937 1583.596 1589.401 1584.398 1569.286 1545.410 1514.729 1479.514 1441.906 1403.624 1365.736 1328.874 1293.568 1260.167 1228.845 1199.892 1173.297 1148.810 1125.703 1102.473 1077.857 1051.530
833.652 827.718 822.429 818.713 817.156 817.822 820.413 824.341 829.056 834.095 839.167 844.099 848.904 853.729 858.884 864.755 871.701 879.836 888.865 898.019 906.151 911.992 914.480 913.168 908.446 901.640 894.890 890.913 892.593 902.538 922.574 953.356 994.159 1043.035 1097.263 1153.994 1210.782 1265.836 1317.981 1366.455 1410.549 1449.460 1482.275 1508.073 1525.985 1535.334 1535.666 1527.030 1510.163 1486.486 1457.925 1426.377 1393.377 1359.941 1326.787 1294.734 1264.437 1236.168 1209.939 1184.964 1160.044 1133.883 1105.194 1073.628 1040.240
828.345 823.172 818.189 814.406 812.518 812.716 814.810 818.278 822.546 827.032 831.283 834.968 838.006 840.560 843.076 846.144 850.364 856.088 863.238 871.214 878.964 885.196 888.684 888.664 885.129 879.039 872.346 867.799 868.520 877.419 896.544 926.542 966.444 1013.899 1065.747 1118.808 1170.543 1219.349 1264.514 1305.952 1343.718 1377.744 1407.681 1432.886 1452.458 1465.401 1470.806 1468.228 1458.023 1441.288 1419.702 1394.817 1367.797 1339.398 1310.326 1281.738 1254.754 1229.826 1206.630 1183.514 1158.329 1129.421 1096.147 1059.415 1021.750
824.084 819.701 814.992 811.078 808.829 808.620 810.403 813.695 817.860 822.137 825.871 828.584 830.166 830.886 831.419 832.659 835.506 840.564 847.948 857.156 867.101 876.273 883.036 886.045 884.679 879.412 871.979 865.250 862.711 867.716 882.653 908.273 943.484 985.670 1031.430 1077.477 1121.404 1161.987 1199.074 1233.224 1265.090 1295.051 1322.974 1348.166 1369.484 1385.570 1395.166 1397.616 1393.189 1382.888 1368.178 1350.102 1329.146 1305.580 1280.025 1254.122 1229.708 1207.629 1187.299 1166.268 1141.536 1111.243 1075.531 1036.561 998.024
821.151 817.393 812.761 808.579 805.963 805.541 807.418 811.131 815.901 820.727 824.686 827.129 827.939 827.552 826.947 827.410 830.212 836.284 845.947 858.765 873.484 888.177 900.527 908.346 910.189 905.920 897.052 886.628 878.605 876.897 884.348 901.957 928.666 961.823 998.013 1034.092 1067.977 1098.945 1127.415 1154.457 1181.102 1207.851 1234.451 1259.914 1282.699 1301.117 1313.740 1319.988 1320.331 1315.818 1307.633 1296.060 1280.621 1260.950 1237.661 1213.089 1190.059 1169.992 1152.181 1133.542 1110.400 1080.804 1045.581 1007.762 971.539
819.737 816.274 811.452 806.875 803.993 803.732 806.348 811.339 817.718 824.160 829.410 832.608 833.613 833.044 832.235 832.938 836.912 845.510 859.338 878.009 899.990 922.728 942.962 957.396 963.561 960.616 949.811 934.413 918.914 907.876 904.739 910.912 925.604 946.356 969.991 993.708 1015.880 1036.309 1055.904 1076.078 1097.983 1121.987 1147.489 1173.032 1196.649 1216.398 1230.881 1239.816 1244.032 1244.640 1242.377 1236.535 1225.547 1208.468 1186.127 1161.699 1139.053 1120.261 1104.559 1088.479 1068.013 1041.257 1009.455 975.860 944.529
820.025 816.476 811.221 806.231 803.348 803.820 808.009 815.311 824.453 833.719 841.469 846.587 848.877 849.129 849.044 850.929 857.146 869.602 889.288 915.876 947.448 980.622 1010.948 1033.783 1045.456 1044.308 1031.296 1009.899 985.206 962.521 946.024 937.749 937.419 943.017 951.801 961.435 970.777 980.084 990.614 1003.938 1021.136 1042.277 1066.292 1091.225 1114.728 1134.737 1150.049 1160.799 1168.183 1173.229 1176.007 1174.745 1166.946 1151.383 1129.310 1104.692 1082.271 1064.562 1050.765 1037.347 1020.389 998.084 971.711 944.243 919.169
822.216 818.289 812.517 807.310 804.927 806.893 813.624 824.329 837.367 850.592 861.948 870.039 874.591 876.544 877.999 881.883 891.281 908.790 935.870 972.254 1015.541 1061.347 1103.804 1136.727 1155.071 1156.259 1140.896 1112.661 1077.277 1040.919 1008.680 983.477 965.790 954.250 946.686 941.243 937.189 935.089 936.373 942.607 954.672 972.269 993.877 1017.114 1039.359 1058.587 1073.902 1085.858 1095.840 1104.570 1111.293 1113.320 1107.680 1093.245 1071.803 1047.875 1026.541 1010.334 998.425 987.555 974.239 956.908 936.659 915.894 897.296
826.549 822.193 816.101 811.144 809.985 814.360 824.642 839.766 857.664 875.735 891.506 903.305 910.784 915.043 918.616 925.131 938.500 962.118 997.961 1045.804 1102.653 1162.964 1219.290 1263.727 1289.750 1293.739 1275.868 1240.001 1192.552 1140.705 1090.723 1046.647 1009.973 980.141 955.572 934.823 917.405 903.991 895.985 894.802 901.059 914.129 932.137 952.414 972.252 989.811 1004.542 1017.291 1029.363 1040.902 1050.334 1054.460 1050.378 1037.389 1017.782 996.141 977.205 963.083 952.963 944.190 934.043 921.343 906.940 892.526 879.883
833.352 828.842 822.946 818.979 819.935 827.665 842.407 862.745 886.151 909.565 930.130 945.925 956.562 963.357 969.350 978.931 996.938 1027.595 1073.396 1134.064 1205.918 1282.119 1353.531 1410.455 1444.774 1451.742 1431.026 1386.653 1325.779 1256.805 1187.402 1123.030 1066.407 1017.892 976.458 940.922 910.820 886.681 869.692 861.001 860.943 868.630 881.980 898.223 914.759 930.049 943.879 957.168 970.811 984.202 995.103 1000.334 997.557 986.710 970.368 952.605 937.173 925.512 916.955 909.696 902.008 893.177 883.753 874.716 867.016
842.993 838.967 834.095 832.055 836.067 847.994 867.851 893.832 922.941 951.681 976.863 996.392 1009.920 1019.078 1027.506 1040.456 1063.699 1102.264 1159.044 1233.581 1321.375 1414.223 1501.262 1571.001 1613.670 1623.338 1599.094 1545.114 1469.412 1381.790 1291.611 1206.003 1129.086 1062.177 1004.732 955.622 914.168 880.519 855.454 839.746 833.440 835.470 843.694 855.420 868.316 881.221 894.156 907.852 922.521 936.751 947.984 953.530 951.950 943.843 931.736 918.737 907.284 898.167 891.016 884.949 879.200 873.415 867.819 862.781 858.646
855.848 853.245 850.434 851.318 859.221 875.906 901.120 932.657 967.088 1000.525 1029.541 1051.976 1067.655 1078.658 1089.366 1105.923 1135.010 1182.320 1250.943 1340.037 1444.159 1553.713 1656.172 1738.291 1788.705 1800.240 1771.388 1706.491 1614.517 1506.890 1394.920 1287.610 1190.604 1106.189 1034.184 973.331 922.488 881.217 849.711 828.275 816.659 813.663 817.193 824.763 834.425 845.386 857.741 871.784 886.868 900.911 911.424 916.578 915.910 910.566 902.748 894.393 886.654 879.857 874.007 869.013 864.800 861.225 858.237 855.800 853.909
872.317 872.218 872.518 877.184 889.507 911.071 941.328 977.718 1016.446 1053.337 1084.845 1108.903 1125.657 1137.811 1150.608 1171.084 1206.697 1263.575 1344.729 1448.675 1568.935 1694.536 1811.420 1904.746 1961.630 1973.686 1938.827 1861.586 1752.016 1623.333 1488.992 1360.023 1243.654 1143.113 1058.473 988.178 930.440 884.049 848.476 823.465 808.410 801.987 802.177 806.758 814.194 823.990 836.169 850.418 865.232 878.134 887.052 891.097 890.700 887.400 882.929 878.121 873.162 868.181 863.512 859.556 856.595 854.554 853.177 852.229 851.566
892.640 896.057 900.311 909.283 926.095 952.110 986.494 1026.410 1067.812 1106.376 1138.601 1162.688 1179.318 1191.964 1206.811 1231.722 1274.718 1342.034 1436.243 1554.983 1690.642 1830.965 1960.556 2063.194 2124.646 2135.428 2092.935 2001.980 1873.776 1723.488 1566.809 1416.839 1282.374 1167.524 1072.521 995.396 933.597 885.011 848.291 822.517 806.656 799.168 798.034 801.253 807.648 816.944 829.028 843.020 856.796 867.836 874.596 876.972 876.076 873.700 871.075 868.257 864.934 861.215 857.580 854.599 852.627 851.552 851.019 850.757 850.619
