prediction_s2s__medianmodel_07-Feb-2021_6thday.asc
ncols	141
nrows	288
xllcorner	-120191.398
yllcorner	-301404.813
cellsize	2000.000
NODATA_value	-999.250
[rows 224 to 251 of 288, columns 0 to 63 of 141]
500.571 717.695 931.662 1025.857 1075.377 1091.401 1096.362 1097.305 1097.404 1097.404 1097.404 1097.404 1097.404 1097.404 1097.404 1097.404 1097.404 1097.404 1097.404 1097.377 1097.092 1095.616 1090.104 1076.707 1052.526 1017.798 977.791 942.160 919.984 916.307 930.284 955.444 983.198 1007.306 1024.962 1036.464 1043.837 1049.017 1053.055 1056.294 1058.613 1059.604 1058.954 1056.735 1053.392 1049.526 1045.749 1042.421 1039.485 1036.606 1033.443 1029.794 1025.854 1022.312 1020.187 1020.622 1024.838 1033.936 1048.921 1070.843 1100.969 1140.605 1190.656 1250.662
500.571 717.695 931.662 1025.857 1075.377 1091.401 1096.362 1097.305 1097.404 1097.404 1097.404 1097.404 1097.404 1097.404 1097.404 1097.404 1097.404 1097.404 1097.404 1097.325 1096.683 1093.937 1085.533 1067.202 1036.201 993.754 946.747 905.869 880.539 875.332 888.479 912.586 939.022 961.850 978.773 990.480 999.063 1006.167 1012.567 1018.344 1023.179 1026.607 1028.402 1028.730 1028.086 1027.076 1026.240 1025.881 1025.916 1025.985 1025.703 1024.815 1023.416 1022.082 1021.792 1023.779 1029.443 1040.085 1056.824 1080.580 1112.113 1151.907 1199.949 1255.068
500.571 717.695 931.662 1025.857 1075.377 1091.401 1096.362 1097.305 1097.404 1097.404 1097.404 1097.404 1097.404 1097.404 1097.404 1097.404 1097.404 1097.404 1097.404 1097.229 1096.017 1091.481 1079.381 1055.196 1016.718 966.686 913.824 869.693 843.575 839.017 852.809 876.543 901.665 922.786 938.371 949.630 958.755 967.205 975.527 983.551 990.743 996.565 1000.798 1003.646 1005.639 1007.376 1009.392 1011.977 1015.092 1018.360 1021.321 1023.585 1025.072 1026.161 1027.772 1031.245 1038.189 1050.127 1068.294 1093.402 1125.614 1164.505 1209.136 1257.727
500.571 717.695 931.662 1025.857 1075.377 1091.401 1096.362 1097.305 1097.404 1097.404 1097.404 1097.404 1097.404 1097.404 1097.404 1097.404 1097.404 1097.404 1097.404 1097.079 1095.081 1088.335 1072.039 1041.655 995.914 939.386 882.518 837.342 812.469 809.950 824.941 848.224 871.566 890.388 904.038 914.259 923.305 932.514 942.250 952.120 961.402 969.449 976.021 981.301 985.820 990.195 994.972 1000.493 1006.775 1013.442 1019.934 1025.690 1030.392 1034.201 1037.964 1043.135 1051.531 1064.882 1084.464 1110.718 1143.146 1180.429 1220.803 1262.080
500.571 717.695 931.662 1025.857 1075.377 1091.401 1096.362 1097.305 1097.404 1097.404 1097.404 1097.404 1097.404 1097.404 1097.404 1097.404 1097.404 1097.404 1097.404 1096.889 1093.986 1084.931 1064.575 1028.634 977.006 916.031 857.361 812.957 790.341 789.936 805.508 827.503 848.289 864.255 875.577 884.372 892.894 902.381 913.043 924.317 935.333 945.355 954.071 961.629 968.536 975.417 982.850 991.251 1000.704 1010.846 1021.013 1030.465 1038.645 1045.495 1051.794 1059.095 1069.373 1084.503 1105.695 1133.045 1165.379 1200.606 1236.336 1270.219
500.571 717.695 931.662 1025.857 1075.377 1091.401 1096.362 1097.305 1097.404 1097.404 1097.404 1097.404 1097.404 1097.404 1097.404 1097.404 1097.404 1097.404 1097.404 1096.696 1092.957 1081.971 1058.529 1018.807 963.804 901.098 842.760 800.111 779.435 779.824 794.313 813.634 831.006 843.743 852.609 859.853 867.620 877.037 888.198 900.431 912.781 924.449 935.064 944.708 953.841 963.079 973.032 984.180 996.683 1010.197 1023.985 1037.157 1048.949 1059.115 1068.366 1078.306 1091.005 1108.342 1131.372 1159.751 1191.696 1224.526 1255.486 1282.330
500.571 717.695 931.662 1025.857 1075.377 1091.401 1096.362 1097.305 1097.404 1097.404 1097.404 1097.404 1097.404 1097.404 1097.404 1097.404 1097.404 1097.404 1097.404 1096.546 1092.235 1080.158 1055.343 1014.487 959.302 897.686 841.215 800.182 779.811 778.579 789.747 804.946 818.318 827.851 834.516 840.395 847.409 856.563 867.872 880.636 893.904 906.867 919.103 930.621 941.813 953.255 965.552 979.240 994.547 1011.159 1028.321 1045.045 1060.412 1074.039 1086.562 1099.577 1115.123 1134.964 1159.859 1188.997 1220.080 1250.081 1276.180 1296.458
500.571 717.695 931.662 1025.857 1075.377 1091.401 1096.362 1097.305 1097.404 1097.404 1097.404 1097.404 1097.404 1097.404 1097.404 1097.404 1097.404 1097.404 1097.404 1096.475 1092.005 1079.954 1055.818 1016.746 964.533 906.364 852.463 811.965 789.472 783.804 789.458 799.434 808.689 815.489 820.555 825.499 831.939 840.754 851.938 864.858 878.656 892.567 906.142 919.321 932.413 945.910 960.375 976.362 994.151 1013.481 1033.622 1053.557 1072.282 1089.312 1105.210 1121.478 1139.992 1162.264 1188.656 1217.892 1247.342 1273.891 1294.952 1309.094
500.571 717.695 931.662 1025.857 1075.377 1091.401 1096.362 1097.305 1097.404 1097.404 1097.404 1097.404 1097.404 1097.404 1097.404 1097.404 1097.404 1097.404 1097.404 1096.513 1092.355 1081.467 1059.945 1025.188 978.377 925.062 873.557 831.905 804.731 792.152 790.716 795.031 800.643 805.598 809.933 814.539 820.695 829.184 840.059 852.838 866.839 881.398 896.072 910.745 925.615 941.059 957.549 975.615 995.567 1017.212 1039.883 1062.593 1084.317 1104.504 1123.604 1142.930 1164.072 1188.158 1215.123 1243.320 1269.998 1292.249 1307.950 1316.273
500.571 717.695 931.662 1025.857 1075.377 1091.401 1096.362 1097.305 1097.404 1097.404 1097.404 1097.404 1097.404 1097.404 1097.404 1097.404 1097.404 1097.404 1097.404 1096.648 1093.190 1084.325 1066.748 1037.866 997.697 949.581 899.673 855.140 821.284 800.241 791.086 790.064 793.011 797.294 801.884 806.820 813.039 821.286 831.756 844.199 858.175 873.159 888.757 904.805 921.390 938.739 957.206 977.237 999.139 1022.764 1047.539 1072.548 1096.782 1119.649 1141.435 1163.169 1186.042 1210.738 1236.793 1262.377 1284.873 1301.839 1311.798 1314.534
500.571 717.695 931.662 1025.857 1075.377 1091.401 1096.362 1097.305 1097.404 1097.404 1097.404 1097.404 1097.404 1097.404 1097.404 1097.404 1097.404 1097.404 1097.404 1096.836 1094.268 1087.785 1074.602 1051.900 1018.260 974.674 925.182 876.405 834.827 804.994 788.590 783.306 784.973 789.886 795.727 801.627 808.247 816.380 826.434 838.451 852.264 867.526 883.921 901.267 919.558 938.863 959.377 981.414 1005.205 1030.624 1057.162 1083.986 1110.126 1134.934 1158.498 1181.473 1204.606 1228.153 1251.393 1272.543 1289.410 1300.220 1304.223 1301.772
500.571 717.695 931.662 1025.857 1075.377 1091.401 1096.362 1097.305 1097.404 1097.404 1097.404 1097.404 1097.404 1097.404 1097.404 1097.404 1097.404 1097.404 1097.404 1097.029 1095.345 1091.124 1081.954 1064.663 1036.407 996.026 945.785 892.059 842.807 805.013 782.682 774.651 776.469 783.142 790.995 798.319 805.589 813.736 823.425 835.012 848.608 864.060 881.166 899.766 919.782 941.153 963.880 988.090 1013.872 1041.032 1069.085 1097.248 1124.569 1150.319 1174.341 1196.901 1218.335 1238.602 1256.956 1271.954 1282.059 1286.291 1284.590 1277.736
500.571 717.695 931.662 1025.857 1075.377 1091.401 1096.362 1097.305 1097.404 1097.404 1097.404 1097.404 1097.404 1097.404 1097.404 1097.404 1097.404 1097.404 1097.404 1097.194 1096.233 1093.820 1087.754 1074.429 1049.771 1010.930 958.881 900.068 844.030 799.919 773.568 764.519 767.800 777.077 787.406 796.395 804.456 812.720 822.128 833.333 846.708 862.305 880.051 899.853 921.606 945.134 970.248 996.827 1024.742 1053.657 1083.014 1112.021 1139.684 1165.153 1188.008 1208.183 1225.728 1240.551 1252.179 1259.777 1262.617 1260.495 1253.911 1243.873
500.571 717.695 931.662 1025.857 1075.377 1091.401 1096.362 1097.305 1097.404 1097.404 1097.404 1097.404 1097.404 1097.404 1097.404 1097.404 1097.404 1097.404 1097.404 1097.305 1096.839 1095.653 1091.611 1080.677 1057.826 1019.030 964.495 901.008 839.584 791.117 762.689 754.110 759.735 771.990 784.878 795.523 804.387 812.824 822.030 832.914 846.076 861.762 880.047 900.938 924.348 950.017 977.558 1006.585 1036.679 1067.267 1097.646 1126.912 1153.972 1177.808 1197.775 1213.583 1225.236 1232.879 1236.588 1236.334 1232.213 1224.669 1214.538 1202.847
500.571 717.695 931.662 1025.857 1075.377 1091.401 1096.362 1097.305 1097.404 1097.404 1097.404 1097.404 1097.404 1097.404 1097.404 1097.404 1097.404 1097.404 1097.404 1097.367 1097.179 1096.691 1093.728 1083.879 1061.456 1021.725 964.578 897.307 832.131 781.188 752.262 745.082 753.288 768.327 783.438 795.476 805.012 813.603 822.651 833.263 846.210 861.906 880.582 902.355 927.190 954.773 984.525 1015.784 1047.818 1079.772 1110.713 1139.567 1165.073 1186.031 1201.618 1211.503 1215.894 1215.432 1210.959 1203.309 1193.301 1181.818 1169.789 1158.053
500.571 717.695 931.662 1025.857 1075.377 1091.401 1096.362 1097.305 1097.404 1097.404 1097.404 1097.404 1097.404 1097.404 1097.404 1097.404 1097.404 1097.404 1097.404 1097.393 1097.335 1097.175 1094.657 1085.068 1062.318 1021.335 961.976 892.063 824.662 772.664 744.150 738.589 749.017 766.212 782.953 795.981 805.988 814.677 823.587 833.954 846.676 862.294 881.167 903.521 929.373 958.369 989.770 1022.649 1055.990 1088.664 1119.511 1147.240 1170.399 1187.603 1197.929 1201.162 1197.899 1189.460 1177.516 1163.700 1149.372 1135.615 1123.251 1112.807
500.571 717.695 931.662 1025.857 1075.377 1091.401 1096.362 1097.305 1097.404 1097.404 1097.404 1097.404 1097.404 1097.404 1097.404 1097.404 1097.404 1097.404 1097.404 1097.403 1097.388 1097.350 1094.938 1085.253 1061.984 1019.956 959.134 887.729 819.308 767.123 739.298 735.028 746.958 765.494 783.200 796.799 807.066 815.781 824.556 834.695 847.171 862.602 881.442 903.990 930.296 959.961 992.113 1025.622 1059.264 1091.722 1121.658 1147.615 1167.960 1181.143 1186.184 1183.064 1172.851 1157.556 1139.618 1121.282 1104.267 1089.672 1078.105 1069.762
500.571 717.695 931.662 1025.857 1075.377 1091.401 1096.362 1097.305 1097.404 1097.404 1097.404 1097.404 1097.404 1097.404 1097.404 1097.404 1097.404 1097.404 1097.404 1097.404 1097.403 1097.396 1094.999 1085.230 1061.714 1019.257 957.908 886.011 817.312 765.172 737.703 733.975 746.518 765.608 783.734 797.589 807.973 816.670 825.316 835.238 847.441 862.579 881.147 903.466 929.580 959.034 990.847 1023.767 1056.482 1087.628 1115.822 1139.539 1157.016 1166.561 1167.151 1158.920 1143.352 1123.013 1100.916 1079.748 1061.403 1046.939 1036.747 1030.735
500.571 717.695 931.662 1025.857 1075.377 1091.401 1096.362 1097.305 1097.404 1097.404 1097.404 1097.404 1097.404 1097.404 1097.404 1097.404 1097.404 1097.404 1097.404 1097.404 1097.404 1097.404 1095.039 1085.349 1061.973 1019.720 958.603 886.847 818.146 765.860 738.167 734.215 746.650 765.763 783.993 797.963 808.409 817.093 825.632 835.362 847.287 862.054 880.142 901.846 927.155 955.531 985.923 1017.046 1047.640 1076.458 1102.239 1123.509 1138.465 1145.289 1142.858 1131.358 1112.490 1089.154 1064.710 1042.108 1023.353 1009.470 1000.714 996.809
500.571 717.695 931.662 1025.857 1075.377 1091.401 1096.362 1097.305 1097.404 1097.404 1097.404 1097.404 1097.404 1097.404 1097.404 1097.404 1097.404 1097.404 1097.404 1097.404 1097.404 1097.404 1095.102 1085.609 1062.605 1020.852 960.223 888.697 819.849 767.066 738.696 734.114 746.166 765.178 783.502 797.624 808.182 816.897 825.380 834.952 846.604 860.949 878.414 899.209 923.227 949.839 977.953 1006.337 1033.902 1059.687 1082.688 1101.610 1114.674 1119.946 1116.133 1103.306 1083.154 1058.672 1033.361 1010.309 991.621 978.354 970.741 968.423
500.571 717.695 931.662 1025.857 1075.377 1091.401 1096.362 1097.305 1097.404 1097.404 1097.404 1097.404 1097.404 1097.404 1097.404 1097.404 1097.404 1097.404 1097.404 1097.404 1097.404 1097.400 1095.151 1085.828 1063.123 1021.716 961.315 889.697 820.383 766.873 737.734 732.598 744.426 763.522 782.097 796.480 807.218 816.017 824.476 833.912 845.300 859.205 875.971 895.700 918.160 942.630 968.006 993.174 1017.305 1039.805 1060.037 1076.949 1088.836 1093.655 1089.870 1077.304 1057.453 1033.208 1008.057 985.159 966.724 953.917 947.027 945.688
500.571 717.695 931.662 1025.857 1075.377 1091.401 1096.362 1097.305 1097.404 1097.404 1097.404 1097.404 1097.404 1097.404 1097.404 1097.404 1097.404 1097.404 1097.404 1097.404 1097.404 1097.385 1095.123 1085.786 1063.020 1021.404 960.555 888.260 818.140 763.889 734.274 729.048 741.110 760.637 779.679 794.442 805.419 814.335 822.792 832.115 843.259 856.749 872.825 891.495 912.389 934.706 957.357 979.368 1000.199 1019.637 1037.422 1052.762 1064.047 1069.151 1066.284 1054.968 1036.407 1013.272 988.945 966.590 948.515 936.015 929.469 928.558
500.571 717.695 931.662 1025.857 1075.377 1091.401 1096.362 1097.305 1097.404 1097.404 1097.404 1097.404 1097.404 1097.404 1097.404 1097.404 1097.404 1097.404 1097.404 1097.404 1097.404 1097.354 1094.959 1085.298 1061.907 1019.322 957.248 883.764 812.749 758.101 728.619 723.945 736.704 756.896 776.461 791.581 802.777 811.804 820.267 829.494 840.436 853.567 869.052 886.799 906.341 926.810 947.146 966.525 984.642 1001.611 1017.475 1031.665 1042.674 1048.340 1046.696 1037.000 1020.166 998.609 975.529 954.042 936.486 924.252 917.791 916.858
500.571 717.695 931.662 1025.857 1075.377 1091.401 1096.362 1097.305 1097.404 1097.404 1097.404 1097.404 1097.404 1097.404 1097.404 1097.404 1097.404 1097.404 1097.404 1097.404 1097.404 1097.300 1094.640 1084.336 1059.793 1015.601 951.761 876.878 805.167 750.636 721.908 718.253 731.922 752.754 772.690 788.020 799.348 808.444 816.901 826.045 836.826 849.670 864.699 881.758 900.308 919.442 938.142 955.693 971.947 987.220 1001.743 1015.093 1025.873 1031.973 1031.373 1023.190 1008.132 988.366 966.863 946.583 929.800 917.911 911.419 910.146
500.571 717.695 931.662 1025.857 1075.377 1091.401 1096.362 1097.305 1097.404 1097.404 1097.404 1097.404 1097.404 1097.404 1097.404 1097.404 1097.404 1097.404 1097.404 1097.404 1097.404 1097.218 1094.188 1083.032 1057.057 1010.997 945.324 869.222 797.188 743.203 715.518 712.913 727.288 748.440 768.435 783.748 795.092 804.203 812.643 821.724 832.379 845.022 859.744 876.383 894.356 912.746 930.569 947.172 962.441 976.758 990.410 1003.051 1013.399 1019.514 1019.489 1012.479 999.085 981.250 961.656 942.984 927.325 915.979 909.453 907.646
500.571 717.695 931.662 1025.857 1075.377 1091.401 1096.362 1097.305 1097.404 1097.404 1097.404 1097.404 1097.404 1097.404 1097.404 1097.404 1097.404 1097.404 1097.404 1097.404 1097.404 1097.123 1093.713 1081.732 1054.459 1006.835 939.805 862.980 790.979 737.594 710.665 708.538 722.982 743.883 763.542 778.621 789.890 799.001 807.443 816.495 827.080 839.600 854.157 870.600 888.355 906.509 924.111 940.503 955.505 969.427 982.493 994.374 1003.952 1009.575 1009.626 1003.446 991.631 975.915 958.599 941.981 927.830 917.279 910.789 908.363
500.571 717.695 931.662 1025.857 1075.377 1091.401 1096.362 1097.305 1097.404 1097.404 1097.404 1097.404 1097.404 1097.404 1097.404 1097.404 1097.404 1097.404 1097.404 1097.404 1097.404 1097.033 1093.334 1080.790 1052.741 1004.332 936.826 859.921 788.136 734.972 707.961 705.283 718.875 738.879 757.838 772.541 783.708 792.839 801.331 810.408 820.974 833.431 847.906 864.292 882.050 900.294 918.098 934.755 949.950 963.805 976.413 987.427 995.932 1000.657 1000.416 994.851 984.618 971.218 956.527 942.354 930.060 920.539 914.198 911.131
500.571 717.695 931.662 1025.857 1075.377 1091.401 1096.362 1097.305 1097.404 1097.404 1097.404 1097.404 1097.404 1097.404 1097.404 1097.404 1097.404 1097.404 1097.404 1097.404 1097.404 1096.973 1093.150 1080.476 1052.411 1004.210 937.160 860.653 788.894 735.125 706.816 702.392 714.255 732.884 750.998 765.350 776.480 785.713 794.329 803.491 814.087 826.518 840.944 857.309 875.137 893.589 911.766 928.893 944.470 958.389 970.566 980.632 987.893 991.523 990.830 985.809 977.201 966.274 954.430 942.950 932.742 924.428 918.344 914.680
