prediction_s2s__medianmodel_07-Feb-2021_4thday.asc
ncols	141
nrows	288
xllcorner	-120191.398
yllcorner	-301404.813
cellsize	2000.000
NODATA_value	-999.250
[rows 196 to 223 of 288, columns 0 to 62 of 141]
566.998 813.796 1055.652 1161.506 1214.167 1225.872 1221.885 1212.636 1206.649 1210.470 1227.681 1257.487 1294.364 1331.559 1364.297 1392.291 1418.536 1446.982 1479.614 1515.766 1553.278 1590.313 1626.164 1660.861 1693.881 1723.371 1746.139 1758.608 1757.999 1743.049 1714.457 1674.810 1627.826 1577.219 1525.984 1475.757 1427.022 1379.807 1334.458 1291.927 1253.722 1221.437 1196.236 1178.792 1169.397 1168.292 1175.933 1193.025 1220.087 1256.902 1301.540 1350.235 1397.737 1438.392 1467.364 1481.999 1482.202 1470.171 1449.619 1424.800 1399.594 1376.860 1358.219
565.907 812.253 1053.817 1159.762 1213.245 1226.658 1224.517 1216.735 1211.294 1214.787 1231.719 1262.966 1304.357 1349.320 1391.720 1428.958 1461.901 1493.596 1526.585 1561.668 1598.286 1635.789 1674.008 1713.056 1752.226 1789.226 1820.134 1840.461 1846.524 1836.485 1810.934 1772.739 1726.037 1674.910 1622.520 1570.481 1519.068 1468.101 1417.829 1369.311 1324.480 1285.620 1254.669 1232.988 1221.349 1220.149 1229.601 1249.708 1279.889 1318.548 1362.617 1407.820 1449.292 1482.539 1504.276 1513.110 1509.554 1495.730 1474.786 1450.286 1425.583 1403.182 1384.533
565.439 811.559 1052.932 1158.921 1212.997 1227.624 1226.590 1219.099 1212.533 1213.616 1228.048 1258.632 1302.665 1353.689 1404.205 1449.306 1487.899 1522.241 1555.342 1589.112 1624.207 1660.962 1699.918 1741.751 1786.055 1830.364 1870.003 1899.334 1913.592 1910.343 1890.176 1856.363 1813.418 1765.567 1715.782 1665.223 1613.648 1560.458 1505.754 1450.887 1398.528 1352.042 1314.518 1288.264 1274.576 1273.855 1285.739 1309.164 1342.079 1381.391 1423.007 1462.507 1495.834 1520.049 1533.587 1536.327 1529.240 1514.184 1493.575 1470.174 1446.658 1425.128 1406.800
565.335 811.383 1052.667 1158.698 1213.174 1228.534 1227.840 1219.549 1210.507 1207.696 1218.238 1246.860 1292.251 1347.994 1405.288 1457.028 1500.375 1536.815 1569.538 1601.113 1633.013 1666.543 1703.419 1745.530 1793.352 1844.472 1893.327 1932.770 1956.665 1961.844 1948.953 1921.810 1885.344 1843.861 1799.936 1753.991 1704.924 1651.492 1593.526 1532.752 1472.815 1418.480 1374.231 1343.453 1327.920 1327.814 1341.934 1367.972 1402.402 1440.827 1478.468 1511.057 1535.516 1550.455 1555.887 1552.766 1542.419 1526.407 1506.431 1484.463 1462.504 1442.196 1424.496
565.372 811.434 1052.713 1158.816 1213.542 1229.206 1228.224 1218.428 1206.333 1199.277 1205.848 1232.348 1278.553 1337.899 1400.446 1457.177 1503.849 1541.182 1572.246 1599.805 1625.910 1652.955 1684.371 1723.938 1773.493 1830.821 1889.325 1939.991 1974.968 1990.143 1986.150 1967.342 1939.146 1906.014 1870.155 1831.173 1786.941 1735.342 1675.782 1610.317 1543.666 1482.102 1431.615 1396.612 1379.198 1379.154 1394.375 1421.376 1455.513 1491.511 1524.279 1549.820 1565.925 1572.396 1570.446 1561.860 1548.336 1531.251 1511.787 1491.201 1470.873 1451.976 1435.218
565.372 811.434 1052.713 1158.875 1213.704 1229.307 1227.651 1216.180 1201.352 1190.954 1194.752 1219.964 1266.852 1328.516 1394.103 1453.267 1500.860 1536.976 1564.292 1585.470 1603.002 1620.551 1643.641 1678.336 1728.083 1790.898 1859.092 1921.688 1968.985 1995.710 2002.198 1993.157 1974.413 1950.687 1923.992 1893.302 1855.504 1807.531 1748.223 1679.823 1608.020 1540.502 1484.628 1445.695 1425.987 1424.817 1439.244 1464.997 1496.795 1529.024 1556.557 1575.646 1584.560 1583.780 1575.281 1561.515 1544.618 1526.023 1506.609 1487.089 1468.258 1450.855 1435.347
565.372 811.434 1052.713 1158.902 1213.686 1228.932 1226.449 1213.657 1197.209 1185.309 1188.317 1213.459 1260.711 1322.720 1388.141 1446.161 1491.407 1523.632 1544.964 1557.748 1564.848 1571.260 1584.659 1613.309 1662.120 1729.312 1806.292 1880.527 1940.696 1980.280 1998.941 2001.194 1992.948 1979.132 1961.870 1939.874 1909.340 1866.377 1809.162 1739.920 1665.025 1593.263 1533.052 1490.375 1467.593 1463.633 1475.039 1497.183 1524.718 1552.093 1574.297 1587.630 1590.442 1583.425 1568.967 1550.111 1529.521 1508.878 1488.924 1469.980 1452.339 1436.346 1422.304
565.372 811.434 1052.713 1158.909 1213.573 1228.380 1225.315 1212.119 1195.788 1184.703 1188.967 1214.837 1261.384 1320.814 1381.971 1434.667 1474.031 1499.802 1513.573 1517.213 1513.905 1509.802 1514.232 1537.010 1583.990 1653.574 1736.894 1820.840 1893.224 1946.425 1978.931 1994.227 1997.627 1994.086 1986.082 1972.586 1949.615 1912.716 1859.441 1791.750 1716.202 1642.192 1578.786 1532.416 1505.556 1497.017 1503.246 1519.691 1541.322 1562.893 1579.495 1587.312 1584.518 1571.743 1551.627 1527.721 1503.234 1480.155 1459.186 1440.328 1423.487 1408.730 1396.224
565.372 811.434 1052.713 1158.909 1213.441 1227.899 1224.738 1212.254 1197.770 1189.474 1196.287 1222.747 1266.696 1320.245 1373.190 1416.966 1447.821 1465.721 1471.754 1467.372 1455.878 1444.086 1441.985 1459.821 1503.717 1572.503 1658.052 1748.150 1830.832 1897.660 1945.330 1975.345 1991.570 1998.625 1999.521 1994.033 1978.609 1948.686 1901.285 1837.780 1764.361 1690.369 1625.049 1575.101 1543.249 1528.559 1527.794 1536.819 1551.087 1565.722 1575.907 1577.706 1569.084 1550.592 1525.037 1496.380 1468.188 1442.658 1420.453 1401.352 1385.009 1371.323 1360.375
565.372 811.434 1052.713 1158.909 1213.345 1227.684 1225.027 1214.255 1202.833 1198.275 1207.677 1233.535 1272.613 1317.442 1359.481 1392.394 1413.820 1424.029 1423.709 1413.923 1397.891 1382.386 1376.852 1390.767 1429.969 1494.080 1576.941 1668.695 1758.782 1838.219 1901.517 1947.256 1977.129 1994.948 2004.314 2006.252 1998.273 1976.165 1936.573 1880.009 1811.688 1740.215 1674.526 1621.416 1584.020 1562.036 1552.891 1553.068 1558.547 1564.872 1567.391 1562.192 1547.228 1523.057 1492.585 1459.900 1428.665 1401.052 1377.653 1358.149 1342.114 1329.401 1320.015
565.372 811.434 1052.713 1158.909 1213.318 1227.838 1226.237 1217.844 1209.949 1208.985 1219.924 1243.425 1275.648 1310.099 1340.344 1362.425 1375.263 1379.403 1375.203 1363.368 1346.712 1331.269 1324.955 1335.593 1368.381 1424.166 1499.747 1588.683 1682.687 1772.667 1850.743 1912.034 1955.563 1983.930 2001.221 2010.004 2009.317 1995.720 1965.697 1918.683 1858.376 1792.044 1727.826 1672.397 1629.401 1599.431 1580.874 1570.971 1566.340 1562.995 1556.632 1543.631 1522.151 1492.821 1458.463 1422.946 1389.656 1360.546 1336.159 1316.232 1300.449 1288.701 1280.902
565.372 811.434 1052.713 1158.909 1213.376 1228.364 1228.208 1222.410 1217.768 1219.368 1230.229 1249.747 1274.145 1298.307 1317.910 1330.981 1337.373 1337.695 1332.099 1321.018 1306.667 1293.823 1288.321 1295.846 1320.865 1365.719 1430.648 1513.109 1607.571 1705.181 1795.861 1871.193 1927.333 1965.415 1989.822 2004.715 2010.939 2006.150 1986.840 1951.323 1901.469 1842.687 1781.933 1725.487 1677.448 1639.408 1610.905 1590.145 1574.506 1560.659 1544.870 1524.031 1496.626 1463.264 1426.413 1389.387 1354.999 1324.927 1299.752 1279.462 1264.009 1253.374 1247.306
565.372 811.434 1052.713 1158.909 1213.491 1229.102 1230.464 1227.000 1224.797 1227.609 1236.950 1251.623 1268.459 1283.855 1295.260 1302.033 1304.488 1303.155 1298.038 1289.407 1278.799 1269.536 1265.320 1269.681 1286.418 1319.330 1371.975 1445.587 1537.473 1639.370 1739.472 1826.238 1892.998 1939.325 1969.665 1989.616 2001.894 2005.411 1996.906 1973.656 1935.677 1886.284 1830.907 1775.140 1723.316 1677.960 1639.816 1608.245 1581.606 1557.436 1532.753 1505.044 1473.034 1437.116 1399.136 1361.592 1326.660 1295.814 1269.867 1249.239 1234.238 1224.904 1220.736
565.372 811.434 1052.713 1158.909 1213.637 1229.896 1232.623 1230.970 1230.255 1233.107 1240.093 1249.990 1260.490 1269.351 1275.268 1278.290 1278.848 1277.291 1273.566 1267.806 1260.948 1255.010 1251.949 1253.405 1262.531 1284.181 1324.548 1388.099 1474.871 1577.638 1683.551 1778.593 1853.495 1906.234 1941.035 1964.644 1981.515 1991.883 1992.949 1981.252 1955.171 1916.024 1867.546 1814.346 1760.655 1709.703 1663.361 1622.256 1585.913 1552.875 1520.973 1488.186 1453.283 1416.202 1377.980 1340.274 1304.767 1272.922 1245.981 1224.883 1210.304 1202.286 1200.056
565.372 811.434 1052.713 1158.909 1213.782 1230.616 1234.417 1234.006 1234.020 1236.237 1240.779 1246.695 1252.537 1257.076 1259.762 1260.876 1260.764 1259.625 1257.381 1254.087 1250.199 1246.765 1244.594 1243.798 1246.769 1258.860 1287.958 1341.111 1420.866 1521.426 1629.635 1729.764 1810.199 1867.332 1904.936 1930.542 1950.074 1965.042 1973.306 1971.090 1955.580 1926.419 1885.703 1836.829 1783.603 1729.597 1677.628 1629.534 1586.036 1546.685 1510.028 1474.334 1438.166 1400.867 1362.669 1324.585 1288.047 1254.769 1226.498 1204.699 1190.316 1183.378 1182.908
565.372 811.434 1052.713 1158.909 1213.906 1231.177 1235.722 1236.048 1236.279 1237.667 1240.197 1243.284 1246.172 1248.266 1249.377 1249.738 1249.543 1248.869 1247.671 1245.982 1244.003 1242.189 1240.695 1238.439 1236.977 1241.549 1260.881 1303.971 1375.600 1471.584 1579.046 1681.259 1764.613 1824.034 1862.679 1888.507 1908.548 1925.429 1937.855 1942.151 1934.895 1914.518 1881.690 1838.538 1788.165 1734.140 1679.912 1628.307 1581.085 1538.624 1499.968 1463.431 1427.237 1390.126 1351.750 1312.783 1274.736 1239.685 1209.854 1187.076 1172.481 1166.135 1167.008
565.372 811.434 1052.713 1158.909 1213.985 1231.526 1236.504 1237.205 1237.432 1238.159 1239.358 1240.743 1241.964 1242.777 1243.135 1243.175 1242.993 1242.627 1242.062 1241.326 1240.482 1239.683 1238.794 1235.821 1231.417 1230.364 1241.546 1275.326 1338.383 1428.174 1532.451 1634.086 1717.941 1777.647 1815.657 1840.036 1858.564 1874.776 1888.290 1895.903 1894.118 1880.681 1855.140 1818.453 1772.895 1721.745 1668.725 1617.330 1570.009 1527.701 1489.654 1454.031 1418.683 1381.917 1343.139 1303.036 1263.407 1226.678 1195.359 1171.455 1156.207 1149.808 1151.482
565.372 811.434 1052.713 1158.909 1214.032 1231.721 1236.917 1237.779 1237.938 1238.233 1238.681 1239.164 1239.555 1239.766 1239.798 1239.718 1239.577 1239.396 1239.183 1238.953 1238.709 1238.478 1238.068 1234.827 1228.543 1223.358 1227.902 1253.354 1307.884 1390.453 1489.645 1588.408 1670.620 1728.839 1764.815 1786.434 1801.874 1815.353 1827.386 1835.505 1836.485 1827.830 1808.346 1778.051 1738.399 1692.259 1643.337 1595.399 1551.218 1511.899 1476.682 1443.440 1409.704 1373.615 1334.647 1293.790 1253.205 1215.541 1183.314 1158.473 1142.320 1135.386 1137.450
565.372 811.434 1052.713 1158.909 1214.054 1231.809 1237.097 1238.017 1238.115 1238.192 1238.294 1238.394 1238.454 1238.462 1238.419 1238.355 1238.290 1238.236 1238.197 1238.171 1238.155 1238.139 1237.986 1234.618 1227.092 1218.874 1218.123 1236.318 1282.672 1357.385 1449.983 1543.869 1622.508 1677.698 1710.499 1728.448 1739.781 1749.211 1758.045 1764.587 1766.126 1760.206 1745.220 1720.523 1686.955 1646.917 1603.946 1561.759 1523.106 1488.941 1458.270 1428.657 1397.421 1362.756 1324.463 1283.968 1243.761 1206.501 1174.456 1149.318 1132.453 1124.956 1127.494
565.372 811.434 1052.713 1158.909 1214.062 1231.838 1237.151 1238.078 1238.145 1238.145 1238.145 1238.145 1238.145 1238.145 1238.145 1238.145 1238.145 1238.145 1238.145 1238.145 1238.145 1238.145 1238.065 1234.565 1226.139 1215.625 1210.573 1222.409 1260.942 1327.375 1412.189 1499.598 1573.099 1624.030 1652.842 1666.569 1673.300 1678.048 1682.798 1686.554 1687.166 1682.343 1670.310 1650.060 1622.013 1588.244 1552.016 1516.816 1485.096 1457.475 1432.578 1407.677 1379.982 1347.911 1311.682 1273.172 1235.081 1199.902 1169.456 1145.096 1128.286 1120.858 1124.660
565.372 811.434 1052.713 1158.909 1214.062 1231.838 1237.151 1238.078 1238.145 1238.145 1238.145 1238.145 1238.145 1238.145 1238.145 1238.145 1238.145 1238.145 1238.145 1238.145 1238.145 1238.145 1238.071 1234.401 1225.183 1212.672 1203.800 1209.711 1240.577 1298.394 1374.661 1454.548 1521.911 1567.836 1592.221 1601.564 1603.659 1603.721 1604.212 1604.726 1603.576 1598.714 1588.343 1571.329 1547.917 1519.951 1490.438 1462.541 1438.292 1417.833 1399.417 1380.076 1357.009 1328.890 1296.346 1261.588 1227.380 1195.947 1168.605 1146.371 1130.886 1124.849 1131.491
565.372 811.434 1052.713 1158.909 1214.062 1231.838 1237.151 1238.078 1238.145 1238.145 1238.145 1238.145 1238.145 1238.145 1238.145 1238.145 1238.145 1238.145 1238.145 1238.145 1238.145 1238.145 1237.997 1234.022 1223.895 1209.325 1196.632 1196.662 1219.828 1268.809 1336.119 1407.963 1468.687 1509.266 1529.175 1534.333 1532.183 1528.042 1524.674 1522.085 1518.954 1513.448 1503.886 1489.161 1469.516 1446.682 1423.438 1402.556 1385.614 1372.307 1360.553 1347.249 1329.649 1306.674 1279.230 1249.704 1220.793 1194.396 1171.403 1152.604 1139.955 1137.107 1148.772
565.372 811.434 1052.713 1158.909 1214.062 1231.838 1237.151 1238.078 1238.145 1238.145 1238.145 1238.145 1238.145 1238.145 1238.145 1238.145 1238.145 1238.145 1238.145 1238.145 1238.145 1238.145 1237.817 1233.312 1221.972 1205.007 1188.185 1182.150 1197.525 1237.576 1295.814 1359.447 1413.392 1448.633 1464.320 1465.850 1460.250 1452.828 1446.455 1441.400 1436.573 1430.374 1421.263 1408.295 1391.816 1373.508 1355.915 1341.445 1331.219 1324.540 1319.108 1311.807 1300.029 1282.883 1261.418 1238.003 1215.138 1194.411 1176.450 1162.037 1153.598 1155.808 1174.829
565.372 811.434 1052.713 1158.909 1214.062 1231.838 1237.151 1238.078 1238.145 1238.145 1238.145 1238.145 1238.145 1238.145 1238.145 1238.145 1238.145 1238.145 1238.145 1238.145 1238.145 1238.137 1237.474 1232.089 1219.031 1199.053 1177.512 1165.057 1172.546 1203.740 1253.069 1308.661 1356.007 1386.243 1398.325 1397.142 1389.285 1379.882 1371.729 1365.181 1359.324 1352.755 1344.136 1332.761 1319.115 1304.867 1292.327 1283.520 1279.153 1278.228 1278.352 1276.521 1270.334 1259.052 1243.721 1226.516 1209.675 1194.533 1181.663 1172.103 1168.892 1177.682 1205.868
565.372 811.434 1052.713 1158.909 1214.062 1231.838 1237.151 1238.078 1238.145 1238.145 1238.145 1238.145 1238.145 1238.145 1238.145 1238.145 1238.145 1238.145 1238.145 1238.145 1238.145 1238.102 1236.897 1230.192 1214.766 1190.998 1164.037 1144.793 1144.364 1166.917 1207.679 1255.572 1296.682 1322.460 1331.793 1329.122 1320.497 1310.689 1302.186 1295.317 1289.276 1282.867 1275.022 1265.301 1254.354 1243.825 1235.785 1231.862 1232.391 1236.153 1240.788 1243.505 1242.153 1236.130 1226.361 1214.730 1203.168 1192.880 1184.611 1179.877 1182.404 1198.604 1236.634
565.372 811.434 1052.713 1158.909 1214.062 1231.838 1237.151 1238.078 1238.145 1238.145 1238.145 1238.145 1238.145 1238.145 1238.145 1238.145 1238.145 1238.145 1238.145 1238.145 1238.137 1237.982 1235.935 1227.336 1208.731 1180.263 1147.166 1120.858 1112.649 1126.972 1159.708 1200.373 1235.718 1257.681 1265.226 1262.372 1254.548 1245.939 1238.570 1232.597 1227.304 1221.702 1215.018 1207.109 1198.816 1191.729 1187.664 1187.868 1192.338 1199.717 1207.733 1213.867 1216.250 1214.352 1208.955 1201.614 1194.028 1187.422 1182.933 1182.683 1190.982 1214.603 1261.762
565.372 811.434 1052.713 1158.909 1214.062 1231.838 1237.151 1238.078 1238.145 1238.145 1238.145 1238.145 1238.145 1238.145 1238.145 1238.145 1238.145 1238.145 1238.145 1238.145 1238.104 1237.676 1234.348 1223.120 1200.350 1166.154 1126.267 1092.793 1077.206 1084.027 1109.546 1143.652 1173.828 1192.665 1199.344 1197.502 1191.878 1185.881 1180.932 1176.960 1173.273 1169.105 1163.985 1158.089 1152.416 1148.503 1147.914 1151.539 1159.091 1169.114 1179.459 1187.875 1192.727 1193.543 1190.945 1186.260 1181.100 1176.926 1175.404 1179.241 1193.049 1223.362 1277.647
565.372 811.434 1052.713 1158.909 1214.062 1231.838 1237.151 1238.078 1238.145 1238.145 1238.145 1238.145 1238.145 1238.145 1238.145 1238.145 1238.145 1238.145 1238.145 1238.137 1237.988 1236.967 1231.689 1216.811 1188.621 1147.559 1100.372 1059.998 1037.900 1038.465 1058.031 1086.574 1112.339 1128.755 1135.336 1135.412 1132.966 1130.551 1128.938 1127.772 1126.365 1124.148 1120.954 1117.242 1114.150 1113.146 1115.553 1121.953 1131.844 1143.711 1155.520 1165.229 1171.373 1173.487 1172.100 1168.478 1164.370 1161.667 1162.612 1170.322 1189.237 1225.004 1283.540
