prediction_s2s__medianmodel_07-Feb-2021_2ndday.asc
ncols	141
nrows	288
xllcorner	-120191.398
yllcorner	-301404.813
cellsize	2000.000
NODATA_value	-999.250
[rows 0 to 28 of 288, columns 65 to 129 of 141]
352.855 353.996 354.996 355.528 355.688 355.709 355.709 355.709 355.709 355.709 355.709 355.709 355.709 355.709 355.709 355.709 355.709 355.709 355.709 355.709 355.709 355.709 355.709 355.709 355.709 355.709 355.709 355.709 355.709 355.709 355.709 355.709 355.709 355.709 355.709 355.709 355.709 355.709 355.709 355.709 355.709 355.703 355.688 355.663 355.626 355.582 355.539 355.504 355.482 355.477 355.492 355.523 355.566 355.614 355.655 355.684 355.701 355.708 355.709 355.709 355.709 355.709 355.709 355.709 355.709
518.513 519.043 520.041 520.656 520.838 520.854 520.854 520.854 520.854 520.854 520.854 520.854 520.854 520.854 520.854 520.854 520.854 520.854 520.854 520.854 520.854 520.854 520.854 520.854 520.854 520.854 520.848 520.828 520.782 520.699 520.571 520.405 520.217 520.031 519.876 519.780 519.759 519.815 519.935 520.090 520.249 520.356 520.377 520.310 520.166 519.968 519.772 519.613 519.507 519.478 519.549 519.712 519.949 520.224 520.479 520.669 520.786 520.840 520.853 520.854 520.854 520.854 520.854 520.854 520.854
688.542 687.426 687.913 688.387 688.507 688.499 688.499 688.499 688.499 688.499 688.499 688.499 688.499 688.499 688.499 688.499 688.499 688.499 688.499 688.499 688.499 688.499 688.499 688.499 688.499 688.499 688.469 688.363 688.124 687.696 687.053 686.239 685.340 684.471 683.749 683.274 683.113 683.274 683.707 684.319 684.981 685.494 685.736 685.693 685.418 684.995 684.583 684.255 684.037 683.985 684.170 684.609 685.281 686.095 686.876 687.476 687.851 688.021 688.066 688.087 688.130 688.198 688.282 688.364 688.428
776.836 772.862 772.139 772.145 772.091 772.038 772.038 772.038 772.038 772.038 772.038 772.038 772.038 772.038 772.038 772.038 772.038 772.038 772.038 772.038 772.038 772.038 772.038 772.038 772.038 772.038 771.944 771.615 770.892 769.631 767.800 765.569 763.201 760.978 759.132 757.829 757.162 757.178 757.841 759.019 760.456 761.671 762.328 762.357 761.909 761.234 760.703 760.434 760.378 760.534 760.968 761.744 762.929 764.436 765.971 767.258 768.174 768.736 769.088 769.430 769.854 770.349 770.860 771.318 771.664
832.308 824.957 822.580 821.858 821.534 821.433 821.465 821.509 821.557 821.598 821.628 821.644 821.651 821.652 821.652 821.652 821.652 821.652 821.652 821.652 821.652 821.652 821.652 821.652 821.652 821.652 821.430 820.665 819.027 816.266 812.431 808.022 803.652 799.814 796.723 794.384 792.790 792.056 792.347 793.702 795.812 797.768 798.805 798.697 797.803 796.787 796.432 796.881 797.768 798.731 799.577 800.427 801.621 803.339 805.368 807.396 809.206 810.711 812.032 813.418 814.955 816.580 818.162 819.535 820.556
856.744 846.371 842.295 840.736 840.104 839.980 840.101 840.266 840.443 840.597 840.701 840.759 840.786 840.808 840.844 840.894 840.947 840.993 841.025 841.043 841.049 841.050 841.050 841.050 841.050 841.050 840.612 839.132 836.056 831.086 824.588 817.728 811.724 807.225 804.000 801.334 798.797 796.612 795.503 796.142 798.400 800.792 801.832 800.973 798.964 797.281 797.408 799.473 802.423 804.995 806.286 806.409 806.292 806.856 808.387 810.799 813.744 816.849 820.000 823.322 826.812 830.346 833.702 836.581 838.729
866.397 854.105 848.706 846.390 845.430 845.200 845.285 845.432 845.610 845.765 845.879 845.986 846.136 846.388 846.757 847.195 847.628 847.984 848.228 848.365 848.424 848.438 848.439 848.439 848.439 848.439 847.689 845.214 840.237 832.569 823.254 814.599 808.682 806.058 805.351 804.313 801.625 797.646 794.168 793.118 794.853 797.183 797.587 795.063 790.951 788.001 788.695 793.113 799.092 803.858 805.275 803.369 799.990 797.372 796.862 798.899 802.937 808.035 813.535 819.220 824.957 830.662 836.098 840.833 844.440
865.888 852.922 846.706 843.771 842.377 841.726 841.316 840.953 840.682 840.513 840.486 840.678 841.186 842.104 843.418 844.964 846.519 847.862 848.863 849.510 849.863 850.020 850.084 850.105 850.094 850.054 848.842 845.065 837.807 827.263 815.628 806.869 804.023 807.116 812.829 816.536 815.505 810.288 804.247 801.067 801.825 803.598 802.686 797.577 790.390 785.448 786.376 793.174 802.317 809.145 809.965 804.660 796.213 788.572 784.546 785.275 789.900 796.607 803.931 811.205 818.282 825.400 832.479 838.948 844.097
858.211 845.487 838.949 835.554 833.548 831.950 830.345 828.804 827.616 826.940 826.866 827.421 828.686 830.766 833.637 837.021 840.518 843.675 846.167 847.895 848.923 849.429 849.644 849.699 849.624 849.402 847.457 841.997 832.168 818.928 806.155 799.788 803.665 816.768 833.172 845.208 848.406 843.619 835.994 831.147 830.953 831.885 829.163 820.889 810.004 802.390 802.726 810.925 822.165 830.001 829.277 819.714 805.386 791.957 783.720 782.464 786.801 793.849 801.240 807.961 814.150 820.788 828.219 835.758 842.228
843.958 832.102 825.761 822.146 819.367 816.290 812.903 809.867 807.902 807.300 807.987 809.627 812.085 815.424 819.723 824.778 830.161 835.231 839.428 842.469 844.351 845.303 845.692 845.741 845.474 844.827 841.807 834.378 822.046 806.957 794.995 793.934 807.971 834.576 864.929 888.170 898.216 896.281 889.111 883.958 883.395 883.556 878.985 867.631 853.098 842.393 840.910 848.544 859.668 866.711 863.590 849.871 830.337 811.867 799.833 796.362 799.426 805.040 810.032 813.321 815.737 819.385 825.335 832.851 840.140
824.514 814.413 809.194 805.933 802.469 797.693 792.508 788.543 787.047 788.197 791.276 795.056 798.858 802.638 806.809 811.627 817.049 822.526 827.374 831.064 833.408 834.557 834.940 834.806 834.145 832.822 828.581 819.391 805.461 790.381 781.857 788.820 815.147 856.539 901.594 936.962 955.512 958.782 954.510 950.840 950.743 950.438 944.431 930.816 913.523 899.910 895.515 900.315 908.655 912.890 906.852 890.003 867.228 845.761 831.310 825.939 826.958 829.499 829.837 827.162 823.337 821.810 824.557 830.916 838.400
802.974 796.505 794.079 792.218 788.558 782.457 776.349 773.072 774.254 779.537 786.985 793.932 798.825 801.386 802.556 803.514 805.174 807.653 810.504 813.022 814.669 815.296 815.188 814.505 813.181 811.060 805.889 795.996 782.549 770.437 768.431 785.519 824.471 879.248 936.822 982.728 1009.602 1019.235 1019.508 1018.519 1019.328 1018.689 1011.770 997.092 978.455 962.664 954.792 954.962 958.296 958.154 949.137 930.684 907.131 885.137 869.978 863.301 861.934 860.511 855.092 845.373 834.331 826.697 825.369 829.868 837.069
784.554 784.436 786.826 787.538 784.430 778.013 772.677 772.392 778.802 790.553 804.033 814.835 820.292 819.736 814.614 807.386 800.511 795.476 792.625 791.300 790.507 789.499 788.138 786.361 784.099 781.332 776.149 767.539 757.585 751.879 759.114 787.096 836.879 901.156 966.622 1019.241 1052.297 1067.708 1072.703 1074.538 1076.104 1074.997 1067.511 1052.715 1033.922 1016.753 1005.407 1000.208 997.558 992.471 980.820 962.058 939.538 918.757 904.131 896.818 893.479 888.632 878.302 862.627 845.443 832.388 827.183 829.663 836.291
775.297 783.948 792.563 796.598 794.867 789.613 787.157 792.181 805.863 825.557 845.874 860.721 866.261 861.244 847.451 828.669 809.276 792.739 780.700 772.795 767.584 763.548 759.920 756.380 752.989 750.044 746.250 741.306 737.851 741.322 759.133 796.935 853.965 922.430 990.049 1044.581 1080.613 1099.983 1108.693 1112.670 1114.437 1112.554 1104.599 1090.195 1071.955 1054.083 1039.742 1029.449 1021.012 1011.238 997.357 978.855 957.986 938.942 925.251 917.762 913.346 906.681 893.766 874.846 854.124 837.590 829.579 830.337 836.259
779.903 798.133 813.102 820.585 820.954 818.400 820.647 832.422 854.041 881.613 908.363 926.982 932.604 923.201 900.501 869.294 835.845 805.823 782.480 765.992 754.620 746.130 739.155 733.199 728.595 726.058 724.961 725.534 730.428 744.096 771.768 816.602 876.380 943.620 1008.060 1060.143 1095.952 1117.042 1127.924 1132.998 1134.340 1131.347 1122.813 1108.828 1091.338 1073.211 1056.649 1042.252 1028.995 1015.195 999.256 980.750 961.032 943.226 930.227 922.832 918.375 911.825 899.078 880.105 858.941 841.398 832.132 831.821 837.072
799.375 825.619 845.525 855.858 858.807 860.184 868.174 886.845 915.516 949.501 981.416 1003.449 1009.947 997.935 968.542 926.973 880.900 837.973 803.051 777.095 758.374 744.266 733.036 724.194 718.391 716.697 718.977 725.652 738.849 761.486 796.359 844.425 902.605 964.394 1022.025 1068.774 1102.046 1122.968 1134.584 1139.865 1140.372 1136.138 1126.869 1113.024 1096.046 1077.799 1059.708 1042.352 1025.456 1008.350 990.287 971.017 951.374 933.831 920.991 913.813 910.150 905.252 894.853 878.426 859.444 843.164 834.277 833.753 838.552
829.992 860.350 882.457 894.553 900.376 906.543 920.620 945.552 979.838 1018.579 1054.519 1079.907 1088.558 1076.502 1043.936 995.869 940.712 887.467 842.303 807.086 780.525 760.104 744.106 732.204 725.276 724.501 729.902 741.688 761.097 789.442 827.518 874.782 927.988 981.999 1031.424 1071.880 1101.690 1121.481 1133.026 1138.098 1137.792 1132.478 1122.471 1108.483 1091.667 1073.248 1054.125 1034.756 1015.213 995.384 975.070 954.269 933.674 915.541 902.440 895.561 893.179 890.729 883.816 871.400 856.256 842.884 835.734 835.849 840.495
865.376 895.023 916.386 929.262 938.240 949.712 969.840 1000.327 1039.163 1081.692 1121.198 1150.253 1162.291 1152.504 1120.111 1069.518 1009.190 948.713 895.130 851.268 816.732 789.675 768.782 753.935 745.965 745.790 753.196 767.909 790.235 820.317 857.698 901.118 947.698 993.659 1035.417 1070.188 1096.778 1115.282 1126.473 1131.237 1130.297 1124.209 1113.654 1099.520 1082.775 1064.252 1044.484 1023.755 1002.228 980.083 957.492 934.757 912.715 893.638 880.163 873.608 872.481 872.351 868.830 860.607 849.823 840.192 835.678 837.122 841.943
899.031 924.050 942.703 955.970 968.418 985.435 1011.482 1047.167 1090.267 1136.507 1179.726 1212.785 1228.852 1222.502 1192.163 1141.526 1078.640 1013.099 952.489 900.674 858.460 825.024 799.610 782.185 773.208 772.994 780.869 796.065 818.220 846.842 880.953 919.164 959.144 998.170 1033.802 1064.167 1088.200 1105.543 1116.272 1120.702 1119.325 1112.804 1102.025 1087.953 1071.438 1053.025 1032.977 1011.382 988.395 964.354 939.717 915.106 891.634 871.690 857.925 851.633 851.329 852.708 851.582 846.659 839.658 833.629 831.889 834.870 840.001
926.310 944.952 960.414 974.307 990.549 1013.180 1045.061 1086.020 1133.756 1184.226 1231.536 1268.578 1288.300 1284.983 1256.632 1206.400 1141.802 1072.179 1005.473 946.566 897.508 858.536 829.373 809.861 799.870 798.984 806.051 819.951 839.966 865.396 895.226 928.225 962.566 996.200 1027.298 1054.380 1076.361 1092.566 1102.670 1106.681 1105.005 1098.362 1087.736 1074.087 1058.112 1040.131 1020.172 998.171 974.249 948.865 922.712 896.681 872.187 851.718 837.837 831.648 831.500 833.206 832.921 829.589 824.769 821.102 821.265 825.251 830.475
945.960 958.617 971.558 986.585 1006.749 1034.823 1072.444 1118.914 1171.812 1226.986 1278.394 1318.724 1340.776 1338.860 1311.019 1260.214 1193.579 1120.176 1048.227 983.445 928.935 885.751 853.873 832.852 821.908 819.970 825.536 837.308 854.435 876.251 901.895 930.353 960.161 989.645 1017.239 1041.600 1061.612 1076.449 1085.632 1089.063 1087.135 1080.614 1070.479 1057.612 1042.546 1025.362 1005.905 983.996 959.750 933.729 906.806 880.062 855.148 834.571 820.731 814.425 813.745 814.605 813.506 809.704 804.808 801.388 801.697 805.494 810.281
959.931 968.276 979.818 996.364 1020.230 1053.255 1096.245 1148.103 1206.107 1265.685 1320.359 1362.531 1384.985 1382.368 1353.137 1300.415 1231.196 1154.386 1078.366 1009.412 951.287 905.513 872.079 850.173 838.483 835.461 839.433 849.055 863.465 882.059 904.137 928.828 954.885 980.826 1005.230 1026.843 1044.589 1057.657 1065.564 1068.221 1066.036 1059.769 1050.344 1038.519 1024.631 1008.572 990.027 968.754 944.875 919.018 892.169 865.494 840.772 820.454 806.721 800.054 798.271 797.370 794.099 787.938 780.680 775.179 773.652 775.939 779.842
971.150 977.040 988.169 1006.333 1033.388 1070.595 1118.202 1174.711 1236.939 1299.706 1356.019 1398.039 1418.724 1413.303 1380.962 1325.288 1253.407 1174.121 1095.838 1024.964 965.452 918.886 885.109 862.993 850.909 847.075 849.774 857.686 869.926 885.909 905.009 926.440 949.080 971.584 992.667 1011.198 1026.244 1037.119 1043.442 1045.170 1042.700 1036.749 1028.118 1017.416 1004.822 990.085 972.794 952.680 929.859 904.968 878.997 853.099 829.059 809.214 795.538 788.260 785.004 781.834 775.611 765.914 754.770 745.551 740.826 740.875 743.931
981.890 986.740 998.052 1017.676 1047.259 1087.718 1138.848 1198.706 1263.551 1327.567 1383.319 1422.918 1439.716 1429.764 1393.193 1334.290 1260.424 1180.293 1102.013 1031.686 973.006 927.358 894.384 872.793 860.844 856.701 858.673 865.441 876.090 889.988 906.530 924.972 944.293 963.278 980.800 995.912 1007.884 1016.237 1020.738 1021.409 1018.614 1012.967 1005.104 995.479 984.164 970.833 955.044 936.531 915.378 892.138 867.709 843.137 820.114 800.832 787.096 779.002 774.138 768.652 759.441 746.068 730.795 717.582 709.577 707.693 710.647
993.100 997.647 1009.330 1030.114 1061.553 1104.298 1157.699 1219.286 1284.701 1347.604 1400.331 1435.225 1446.306 1430.671 1389.527 1327.897 1253.382 1174.386 1098.418 1030.925 975.054 931.834 900.764 880.505 869.360 865.533 867.379 873.575 883.158 895.430 909.774 925.476 941.593 957.041 970.865 982.340 990.987 996.577 999.068 998.556 995.360 989.942 982.755 974.107 964.000 952.103 938.006 921.449 902.441 881.382 858.976 836.105 814.297 795.580 781.660 772.628 766.219 758.775 747.231 731.102 712.792 696.715 686.592 683.961 687.969
1004.197 1008.709 1020.787 1042.473 1075.223 1119.375 1173.761 1235.324 1299.134 1358.509 1405.847 1434.037 1438.067 1416.231 1370.836 1307.571 1234.090 1158.266 1086.737 1024.035 972.614 933.111 904.932 886.800 877.131 874.229 876.506 882.639 891.636 902.741 915.297 928.593 941.736 953.755 963.873 971.610 976.769 979.417 979.733 977.906 974.202 968.929 962.344 954.620 945.705 935.315 923.089 908.761 892.224 873.674 853.571 832.600 812.108 793.950 779.780 769.795 762.036 753.182 740.331 722.984 703.561 686.622 676.235 674.381 680.537
1013.459 1018.039 1030.570 1053.059 1086.737 1131.535 1185.687 1245.535 1305.700 1359.392 1399.379 1419.427 1415.705 1387.800 1339.036 1275.583 1204.923 1134.167 1068.879 1012.567 966.924 932.211 907.787 892.487 884.883 883.402 886.538 893.012 901.826 912.181 923.364 934.620 945.072 953.840 960.324 964.308 965.914 965.510 963.527 960.271 955.969 950.793 944.813 938.070 930.472 921.762 911.607 899.708 885.811 869.889 852.162 833.148 814.006 796.437 782.054 771.201 762.323 752.572 739.374 722.304 703.664 687.820 678.833 678.882 687.679
1018.821 1023.622 1036.783 1060.120 1094.492 1139.291 1192.120 1248.773 1303.575 1349.892 1381.182 1392.328 1380.853 1347.610 1296.792 1234.797 1168.684 1104.622 1047.013 998.306 959.467 930.407 910.464 898.581 893.491 893.765 898.018 905.061 913.935 923.827 933.931 943.427 951.411 957.098 960.063 960.381 958.484 955.059 950.769 946.054 941.136 936.083 930.821 925.259 919.241 912.482 904.620 895.275 884.049 870.707 855.272 838.137 820.325 803.399 788.909 777.343 767.562 757.272 744.348 728.489 711.805 698.213 691.454 693.688 704.826
1018.746 1024.005 1038.033 1062.296 1097.147 1141.357 1191.917 1244.174 1292.367 1330.256 1352.241 1354.504 1335.967 1298.645 1247.363 1188.482 1128.429 1072.333 1023.444 983.231 951.977 929.279 914.408 906.395 904.102 906.261 911.656 919.257 928.187 937.634 946.718 954.522 960.130 962.853 962.475 959.343 954.192 947.970 941.544 935.477 930.035 925.234 920.902 916.820 912.721 908.221 902.852 896.116 887.471 876.519 863.160 847.726 831.153 814.886 800.398 788.275 777.750 767.082 754.646 740.284 725.859 714.723 710.136 714.115 726.758
