prediction_s2s__medianmodel_07-Feb-2021_6thday.asc
ncols	141
nrows	288
xllcorner	-120191.398
yllcorner	-301404.813
cellsize	2000.000
NODATA_value	-999.250
[rows 84 to 111 of 288, columns 64 to 127 of 141]
1427.837 1404.080 1382.881 1365.022 1350.847 1340.581 1334.514 1332.953 1336.174 1344.153 1356.457 1372.383 1390.994 1411.031 1430.954 1449.005 1462.918 1470.324 1469.219 1458.233 1436.908 1406.157 1367.998 1325.297 1281.667 1241.022 1206.934 1182.205 1168.509 1166.106 1174.162 1191.346 1216.377 1248.349 1286.810 1331.497 1382.008 1437.728 1498.053 1562.591 1631.300 1704.263 1781.147 1860.120 1936.686 2002.344 2043.644 2044.608 1992.737 1886.517 1737.947 1570.871 1412.827 1285.224 1196.482 1143.659 1116.753 1104.725 1099.676 1097.828 1097.404 1097.404 1097.404 1097.404
1402.674 1379.188 1357.171 1337.459 1320.586 1307.046 1297.437 1292.329 1292.132 1296.900 1306.214 1319.337 1335.247 1352.569 1369.635 1384.625 1395.455 1400.206 1397.456 1386.455 1367.195 1340.691 1308.729 1273.719 1238.673 1206.870 1181.302 1164.290 1157.128 1159.877 1171.659 1191.251 1217.568 1249.959 1288.220 1332.315 1382.035 1436.944 1496.577 1560.625 1629.052 1701.891 1778.633 1857.146 1932.515 1995.796 2033.234 2029.288 1972.639 1863.178 1714.032 1549.402 1395.953 1273.632 1189.578 1140.120 1115.145 1104.068 1099.451 1097.785 1097.404 1097.404 1097.404 1097.404
1378.499 1355.858 1333.460 1312.273 1293.101 1276.733 1264.031 1255.720 1252.256 1253.716 1259.733 1269.653 1282.558 1297.177 1311.913 1324.995 1334.500 1338.740 1336.567 1327.454 1311.510 1289.636 1263.374 1234.811 1206.588 1181.599 1162.481 1151.238 1148.907 1155.402 1169.853 1191.114 1218.234 1250.704 1288.461 1331.594 1380.056 1433.597 1491.908 1554.797 1622.243 1694.173 1769.895 1846.989 1920.316 1980.826 2014.945 2007.897 1949.421 1840.249 1693.751 1533.586 1385.150 1267.218 1186.271 1138.587 1114.417 1103.694 1099.284 1097.748 1097.404 1097.404 1097.404 1097.404
1357.348 1335.883 1313.414 1291.157 1270.223 1251.694 1236.607 1225.727 1219.474 1217.896 1220.692 1227.357 1237.194 1249.203 1262.018 1274.051 1283.560 1288.974 1289.140 1283.439 1271.779 1254.765 1233.629 1210.217 1186.972 1166.621 1151.675 1144.016 1144.586 1153.263 1169.206 1191.323 1218.714 1250.905 1287.849 1329.690 1376.500 1428.210 1484.711 1545.908 1611.779 1682.149 1756.113 1831.090 1901.953 1959.923 1992.035 1984.401 1927.385 1821.790 1680.353 1525.507 1381.396 1266.187 1186.419 1138.889 1114.499 1103.617 1099.205 1097.727 1097.404 1097.404 1097.404 1097.404
1340.036 1319.890 1297.598 1274.696 1252.640 1232.745 1216.147 1203.571 1195.330 1191.411 1191.561 1195.433 1202.598 1212.399 1223.806 1235.530 1246.032 1253.788 1257.480 1256.142 1249.262 1236.971 1220.131 1200.398 1180.146 1162.128 1148.943 1142.564 1143.994 1153.186 1169.357 1191.438 1218.488 1249.965 1285.753 1325.982 1370.804 1420.339 1474.634 1533.705 1597.486 1665.687 1737.232 1809.501 1877.587 1933.289 1964.491 1958.093 1904.677 1804.566 1669.356 1520.067 1379.845 1266.633 1187.374 1139.582 1114.794 1103.667 1099.189 1097.721 1097.404 1097.404 1097.404 1097.404
1326.353 1307.613 1285.731 1262.611 1240.040 1219.546 1202.305 1188.971 1179.727 1174.479 1172.993 1175.035 1180.393 1188.741 1199.429 1211.498 1223.640 1234.350 1242.056 1245.326 1243.075 1234.884 1221.208 1203.534 1184.278 1166.364 1152.645 1145.351 1145.690 1153.777 1168.906 1189.990 1215.992 1246.234 1280.461 1318.749 1361.303 1408.370 1460.130 1516.644 1577.814 1643.199 1711.600 1780.467 1845.244 1898.368 1928.600 1923.473 1873.692 1779.098 1650.302 1507.143 1371.968 1262.335 1185.276 1138.672 1114.464 1103.564 1099.165 1097.719 1097.404 1097.404 1097.404 1097.404
1315.708 1298.581 1277.387 1254.408 1231.746 1211.140 1193.837 1180.443 1171.055 1165.494 1163.499 1164.862 1169.501 1177.323 1188.010 1200.922 1214.985 1228.712 1240.258 1247.703 1249.371 1244.266 1232.458 1215.302 1195.297 1175.632 1159.512 1149.525 1147.168 1152.763 1165.687 1184.832 1209.031 1237.424 1269.611 1305.578 1345.538 1389.825 1438.683 1492.182 1550.144 1611.995 1676.451 1741.058 1801.602 1851.093 1879.008 1873.504 1825.735 1735.578 1613.261 1477.867 1350.791 1248.483 1177.256 1134.689 1112.841 1103.040 1099.043 1097.700 1097.403 1097.404 1097.404 1097.404
1308.539 1293.481 1273.325 1250.669 1227.968 1207.217 1189.817 1176.456 1167.226 1161.910 1160.182 1161.776 1166.607 1174.706 1185.974 1200.025 1215.995 1232.395 1247.163 1257.937 1262.502 1259.358 1248.228 1230.358 1208.367 1185.719 1165.987 1152.146 1146.000 1148.087 1157.881 1174.247 1195.887 1221.783 1251.372 1284.548 1321.514 1362.621 1408.143 1458.116 1512.273 1569.907 1629.651 1689.113 1744.300 1788.636 1812.220 1804.031 1756.301 1669.722 1554.767 1429.924 1315.113 1224.684 1163.300 1127.682 1109.910 1102.034 1098.772 1097.649 1097.400 1097.404 1097.404 1097.404
1307.860 1295.542 1276.697 1254.206 1230.900 1209.175 1190.759 1176.595 1166.927 1161.572 1160.136 1162.241 1167.699 1176.522 1188.713 1204.037 1221.762 1240.398 1257.693 1270.928 1277.449 1275.334 1264.037 1244.715 1220.090 1193.887 1170.014 1151.780 1141.278 1139.257 1145.269 1158.175 1176.578 1199.328 1225.725 1255.584 1289.074 1326.556 1368.307 1414.331 1464.252 1517.233 1571.783 1625.466 1674.396 1712.268 1729.855 1717.360 1668.742 1586.071 1480.336 1369.186 1270.277 1195.074 1146.094 1119.043 1106.204 1100.676 1098.365 1097.563 1097.395 1097.404 1097.404 1097.404
1318.901 1309.932 1292.342 1269.279 1244.069 1219.681 1198.420 1181.701 1170.096 1163.550 1161.653 1163.875 1169.855 1179.479 1192.720 1209.384 1228.765 1249.334 1268.677 1283.771 1291.617 1289.977 1278.075 1257.025 1229.635 1199.838 1171.816 1149.162 1134.205 1127.857 1129.768 1138.786 1153.453 1172.519 1195.196 1221.236 1250.809 1284.300 1322.010 1363.914 1409.542 1457.909 1507.343 1555.254 1597.742 1628.801 1640.049 1623.326 1574.678 1497.601 1403.294 1307.939 1226.329 1166.866 1130.083 1111.061 1102.684 1099.295 1097.911 1097.460 1097.388 1097.404 1097.404 1097.404
1347.080 1341.633 1324.681 1299.676 1270.592 1241.210 1214.650 1193.026 1177.393 1167.947 1164.301 1165.783 1171.825 1182.103 1196.445 1214.574 1235.708 1258.194 1279.432 1296.139 1305.037 1303.639 1291.031 1268.300 1238.344 1205.259 1173.441 1146.709 1127.567 1117.056 1114.892 1119.920 1130.626 1145.698 1164.284 1186.137 1211.483 1240.795 1274.448 1312.428 1354.185 1398.556 1443.611 1486.553 1523.460 1548.750 1555.150 1536.355 1490.281 1421.307 1340.025 1260.438 1194.347 1147.673 1119.865 1106.156 1100.478 1098.355 1097.576 1097.387 1097.387 1097.404 1097.404 1097.404
1395.113 1392.597 1375.035 1346.260 1311.064 1274.249 1239.939 1211.102 1189.397 1175.339 1168.609 1168.436 1174.019 1184.783 1200.332 1220.178 1243.332 1267.934 1291.129 1309.394 1319.224 1317.983 1304.688 1280.455 1248.276 1212.400 1177.383 1147.196 1124.471 1110.325 1104.494 1105.795 1112.657 1123.710 1138.098 1155.625 1176.660 1201.845 1231.702 1266.283 1304.967 1346.381 1388.315 1427.729 1460.760 1482.420 1486.734 1469.159 1428.839 1370.089 1301.985 1235.872 1180.963 1141.812 1117.984 1105.729 1100.325 1098.223 1097.510 1097.384 1097.395 1097.404 1097.404 1097.404
1460.426 1459.400 1439.532 1405.143 1361.962 1315.898 1272.166 1234.613 1205.524 1185.750 1175.064 1172.606 1177.386 1188.560 1205.443 1227.245 1252.659 1279.501 1304.630 1324.289 1334.835 1333.585 1319.608 1294.100 1260.185 1222.207 1184.838 1152.126 1126.755 1109.853 1101.132 1099.334 1102.808 1110.142 1120.509 1133.840 1150.719 1172.043 1198.561 1230.417 1266.935 1306.526 1346.697 1384.211 1415.370 1435.885 1441.122 1427.872 1395.706 1347.939 1291.490 1235.034 1185.987 1148.732 1123.980 1109.601 1102.270 1099.006 1097.794 1097.476 1097.417 1097.404 1097.404 1097.404
1534.097 1532.562 1508.735 1467.498 1415.487 1359.686 1306.285 1259.906 1223.351 1197.744 1182.939 1178.031 1181.875 1193.388 1211.592 1235.328 1262.885 1291.691 1318.312 1338.830 1349.590 1348.025 1333.361 1306.958 1272.031 1232.969 1194.452 1160.502 1133.770 1115.325 1104.794 1100.811 1101.637 1105.821 1112.610 1122.106 1135.182 1153.032 1176.667 1206.365 1241.407 1280.009 1319.434 1356.379 1387.351 1408.785 1417.156 1410.043 1386.704 1348.937 1301.390 1250.560 1202.930 1163.544 1134.769 1116.188 1105.675 1100.522 1098.384 1097.659 1097.452 1097.404 1097.404 1097.404
1603.535 1599.474 1570.620 1522.393 1462.189 1397.788 1336.090 1282.223 1239.312 1208.636 1190.113 1182.836 1185.607 1197.198 1216.366 1241.570 1270.660 1300.655 1327.871 1348.364 1358.643 1356.423 1341.229 1314.584 1279.749 1241.020 1202.935 1169.355 1142.796 1124.195 1113.061 1107.914 1106.932 1108.667 1112.458 1118.626 1128.328 1143.072 1164.132 1191.929 1225.736 1263.628 1302.737 1339.763 1371.475 1394.872 1407.168 1406.176 1390.483 1360.353 1318.635 1270.408 1221.906 1179.091 1145.812 1123.010 1109.367 1102.282 1099.104 1097.884 1097.493 1097.404 1097.404 1097.404
1656.420 1648.325 1614.328 1560.252 1493.945 1423.583 1356.340 1297.476 1250.178 1215.744 1194.150 1184.590 1185.968 1197.048 1216.417 1242.184 1271.776 1301.832 1328.517 1348.004 1357.165 1354.148 1338.841 1312.930 1279.585 1242.856 1206.946 1175.419 1150.542 1133.087 1122.441 1117.044 1115.046 1115.033 1116.470 1119.890 1126.694 1138.670 1157.305 1183.159 1215.530 1252.445 1291.009 1328.016 1360.454 1385.657 1401.130 1404.561 1393.883 1368.351 1329.832 1282.814 1233.611 1188.758 1152.903 1127.664 1112.101 1103.700 1099.718 1098.081 1097.527 1097.404 1097.404 1097.404
1684.407 1671.611 1633.331 1575.603 1506.329 1433.591 1364.325 1303.515 1254.131 1217.375 1193.317 1181.405 1180.827 1190.532 1209.067 1234.283 1263.222 1292.221 1317.397 1335.183 1342.935 1339.338 1324.650 1300.627 1270.217 1237.045 1204.829 1176.700 1154.632 1139.226 1129.793 1124.772 1122.359 1121.224 1120.967 1122.273 1126.730 1136.297 1152.610 1176.328 1206.810 1242.119 1279.453 1315.763 1348.198 1374.164 1391.097 1396.416 1387.730 1364.038 1327.108 1281.442 1233.397 1189.417 1154.079 1128.956 1113.184 1104.399 1100.068 1098.203 1097.551 1097.404 1097.404 1097.404
1684.839 1667.505 1626.476 1567.803 1499.055 1427.710 1359.996 1300.229 1250.921 1213.114 1187.053 1172.588 1169.424 1176.861 1193.572 1217.241 1244.641 1271.875 1295.097 1311.073 1317.677 1314.105 1300.915 1279.829 1253.444 1224.844 1197.159 1173.061 1154.222 1141.131 1133.120 1128.723 1126.257 1124.515 1123.206 1123.100 1125.853 1133.473 1147.644 1169.055 1197.132 1230.053 1265.221 1299.821 1331.137 1356.447 1372.897 1377.671 1368.475 1344.771 1308.879 1265.635 1221.175 1181.170 1149.361 1126.770 1112.418 1104.221 1100.057 1098.214 1097.555 1097.404 1097.404 1097.404
1660.792 1639.604 1597.538 1540.476 1475.346 1408.646 1345.487 1289.226 1241.753 1203.926 1176.242 1159.122 1152.921 1157.465 1171.679 1193.230 1218.715 1244.115 1265.649 1280.384 1286.634 1283.967 1273.103 1255.620 1233.683 1209.796 1186.545 1166.178 1150.158 1138.966 1132.065 1128.177 1125.810 1123.879 1122.145 1121.365 1123.135 1129.388 1141.711 1160.720 1185.886 1215.568 1247.503 1279.217 1308.170 1331.477 1345.956 1348.659 1337.753 1313.546 1279.187 1239.800 1200.947 1167.084 1140.721 1122.151 1110.252 1103.320 1099.735 1098.126 1097.540 1097.404 1097.404 1097.404
1619.245 1595.008 1553.277 1499.695 1440.355 1380.517 1323.980 1272.966 1228.659 1191.730 1162.980 1143.446 1134.201 1135.674 1147.169 1166.469 1190.149 1214.164 1234.808 1249.336 1256.312 1255.471 1247.509 1233.751 1215.925 1196.032 1176.224 1158.470 1144.178 1133.953 1127.501 1123.810 1121.583 1119.838 1118.303 1117.614 1119.177 1124.705 1135.544 1152.089 1173.812 1199.333 1226.868 1254.483 1279.976 1300.370 1312.216 1312.568 1300.144 1276.143 1244.399 1210.084 1177.927 1151.033 1130.684 1116.528 1107.412 1102.028 1099.226 1097.974 1097.513 1097.404 1097.404 1097.404
1569.114 1542.400 1501.739 1452.474 1399.839 1347.824 1298.859 1254.037 1213.833 1178.715 1149.733 1128.471 1116.646 1115.286 1124.148 1141.302 1163.486 1186.745 1207.442 1222.881 1231.639 1233.369 1228.547 1218.179 1203.588 1186.410 1168.535 1151.870 1137.921 1127.571 1120.844 1117.026 1114.990 1113.792 1113.052 1113.165 1115.224 1120.579 1130.176 1144.019 1161.570 1181.809 1203.660 1225.996 1247.206 1264.355 1273.849 1272.750 1260.175 1237.897 1210.074 1181.598 1156.278 1136.034 1121.213 1111.072 1104.541 1100.668 1098.680 1097.807 1097.482 1097.404 1097.404 1097.404
1519.305 1490.277 1450.620 1405.436 1359.169 1314.676 1273.179 1234.770 1199.259 1166.861 1138.715 1116.729 1103.081 1099.310 1105.679 1120.728 1141.557 1164.459 1185.875 1203.041 1214.316 1219.047 1217.325 1209.766 1197.368 1181.540 1164.116 1147.111 1132.311 1120.955 1113.432 1109.299 1107.578 1107.283 1107.841 1109.312 1112.355 1117.826 1126.111 1136.696 1149.019 1162.595 1177.334 1193.237 1209.565 1223.649 1231.825 1231.022 1220.382 1201.747 1179.128 1156.878 1137.974 1123.480 1113.228 1106.362 1101.985 1099.435 1098.174 1097.646 1097.451 1097.404 1097.404 1097.404
1477.319 1445.745 1406.393 1364.179 1322.933 1284.661 1249.675 1217.274 1186.680 1157.756 1131.479 1109.796 1095.069 1089.221 1093.060 1105.758 1124.984 1147.440 1169.704 1188.861 1202.911 1210.721 1211.890 1206.605 1195.582 1180.133 1162.169 1143.959 1127.640 1114.856 1106.343 1101.920 1100.683 1101.569 1103.758 1106.898 1111.118 1116.657 1123.225 1129.715 1135.599 1141.088 1147.355 1155.823 1166.920 1178.459 1186.744 1188.373 1182.040 1169.058 1152.837 1137.006 1123.869 1114.047 1107.273 1102.832 1100.062 1098.516 1097.806 1097.529 1097.429 1097.404 1097.404 1097.404
1447.931 1413.387 1373.297 1332.455 1294.314 1260.362 1230.345 1203.040 1177.159 1152.097 1128.414 1107.765 1092.451 1084.641 1085.694 1095.524 1112.538 1133.995 1156.673 1177.514 1194.097 1204.747 1208.512 1205.167 1195.159 1179.770 1161.033 1141.493 1123.646 1109.502 1100.111 1095.504 1094.855 1097.010 1100.898 1105.719 1111.004 1116.298 1120.605 1122.215 1120.681 1117.041 1113.860 1114.158 1119.751 1129.176 1138.805 1144.738 1144.790 1139.219 1130.402 1121.134 1113.240 1107.242 1103.095 1100.396 1098.770 1097.920 1097.572 1097.455 1097.414 1097.404 1097.404 1097.404
1432.260 1394.428 1352.613 1311.559 1274.553 1242.882 1216.069 1192.603 1170.770 1149.417 1128.490 1109.130 1093.371 1083.518 1081.447 1087.866 1101.983 1121.680 1144.022 1165.855 1184.379 1197.403 1203.471 1201.950 1193.072 1178.054 1159.019 1138.702 1119.853 1104.747 1094.687 1089.903 1089.680 1092.838 1098.109 1104.268 1110.235 1114.854 1116.435 1112.771 1103.525 1090.524 1077.645 1069.458 1069.292 1076.635 1088.167 1099.542 1107.463 1110.671 1110.185 1107.814 1104.974 1102.318 1100.260 1098.844 1097.999 1097.594 1097.453 1097.419 1097.407 1097.404 1097.404 1097.404
1427.668 1386.623 1342.549 1300.173 1262.760 1231.647 1206.386 1185.358 1166.520 1148.172 1129.573 1111.260 1094.928 1082.933 1077.588 1080.324 1091.115 1108.453 1129.719 1151.751 1171.468 1186.286 1194.348 1194.689 1187.337 1173.402 1154.970 1134.797 1115.700 1100.073 1089.406 1084.145 1083.775 1087.208 1093.103 1099.908 1106.001 1109.582 1108.381 1099.823 1083.663 1062.299 1040.565 1024.294 1018.229 1023.090 1036.235 1053.149 1069.482 1082.278 1090.844 1095.796 1098.102 1098.635 1098.381 1097.935 1097.602 1097.446 1097.407 1097.404 1097.404 1097.404 1097.404 1097.404
1428.673 1385.069 1338.901 1294.849 1256.239 1224.579 1199.587 1179.668 1162.558 1146.102 1128.962 1111.148 1094.031 1079.975 1071.611 1070.923 1078.492 1093.312 1113.063 1134.648 1154.845 1170.840 1180.540 1182.764 1177.363 1165.280 1148.406 1129.306 1110.648 1094.778 1083.285 1076.871 1075.342 1077.878 1083.236 1089.713 1095.302 1097.707 1094.239 1082.116 1061.085 1033.732 1005.293 982.291 970.585 972.274 985.830 1007.120 1031.137 1053.352 1071.198 1083.833 1091.596 1095.476 1097.011 1097.411 1097.442 1097.414 1097.404 1097.404 1097.404 1097.404 1097.404 1097.404
1428.602 1383.641 1336.224 1290.943 1251.150 1218.553 1193.076 1173.221 1156.623 1140.858 1124.198 1106.307 1088.341 1072.643 1062.002 1058.723 1063.751 1076.414 1094.619 1115.381 1135.463 1152.017 1162.881 1166.816 1163.559 1153.839 1139.223 1121.867 1104.072 1087.969 1075.180 1066.677 1062.712 1062.909 1066.342 1071.381 1075.862 1077.207 1072.495 1058.864 1035.906 1005.939 973.941 946.412 929.817 927.587 939.752 963.221 993.007 1023.453 1050.196 1070.703 1084.352 1092.007 1095.592 1096.936 1097.328 1097.400 1097.404 1097.404 1097.404 1097.404 1097.404 1097.404
