prediction_s2s__medianmodel_07-Feb-2021_7thday.asc
ncols	141
nrows	288
xllcorner	-120191.398
yllcorner	-301404.813
cellsize	2000.000
NODATA_value	-999.250
[rows 232 to 260 of 288, columns 65 to 129 of 141]
1412.571 1401.017 1385.427 1366.441 1344.282 1319.018 1290.714 1259.497 1225.639 1189.591 1152.037 1113.942 1076.554 1041.179 1009.109 981.399 958.679 941.201 928.918 921.466 918.260 918.635 921.828 926.988 933.240 939.456 944.401 946.941 946.467 943.755 941.872 944.629 954.928 972.969 995.438 1016.567 1031.436 1037.750 1036.074 1028.990 1019.461 1009.095 998.287 987.335 976.648 966.710 958.098 951.226 946.138 942.760 940.804 939.890 939.593 939.552 939.552 939.552 939.552 939.552 939.552 939.552 939.552 939.552 939.552 939.552 939.552
1401.204 1385.344 1366.346 1344.899 1321.340 1295.777 1268.200 1238.507 1206.656 1172.767 1137.283 1101.036 1065.171 1030.926 999.521 971.961 948.875 930.603 917.259 908.676 904.439 903.984 906.548 911.222 917.005 922.636 926.785 928.307 926.744 923.321 921.641 925.685 937.824 957.175 979.451 998.481 1009.800 1012.262 1007.677 999.359 990.380 982.023 974.257 967.001 960.346 954.421 949.470 945.657 942.911 941.137 940.141 939.699 939.566 939.552 939.552 939.552 939.552 939.552 939.552 939.552 939.552 939.552 939.552 939.552 939.552
1378.678 1360.209 1339.697 1317.798 1294.843 1270.860 1245.634 1218.776 1189.919 1158.908 1126.004 1091.953 1057.826 1024.803 994.051 966.544 942.956 923.759 909.260 899.490 894.201 892.897 894.808 898.943 904.176 909.138 912.456 913.076 910.845 907.514 907.016 913.075 927.086 946.964 967.730 983.432 990.679 989.729 983.417 975.263 967.904 962.021 957.149 952.962 949.385 946.374 943.981 942.216 940.982 940.205 939.781 939.604 939.555 939.552 939.552 939.552 939.552 939.552 939.552 939.552 939.552 939.552 939.552 939.552 939.552
1345.430 1326.281 1306.336 1286.116 1265.826 1245.275 1223.944 1201.134 1176.185 1148.723 1118.897 1087.392 1055.221 1023.515 993.397 965.845 941.613 921.334 905.509 894.373 887.822 885.439 886.454 889.817 894.302 898.485 901.042 901.125 899.015 896.949 898.832 907.622 923.386 942.966 961.107 972.734 975.938 972.360 965.416 958.342 952.999 949.410 946.809 944.777 943.197 941.974 941.071 940.446 940.022 939.760 939.621 939.566 939.552 939.552 939.552 939.552 939.552 939.552 939.552 939.552 939.552 939.552 939.552 939.552 939.552
1303.770 1285.936 1268.563 1251.949 1236.051 1220.371 1204.058 1186.130 1165.706 1142.277 1115.922 1087.282 1057.310 1027.080 997.686 970.123 945.238 923.819 906.549 893.839 885.731 881.901 881.621 883.842 887.300 890.617 892.629 892.818 891.916 892.437 897.748 909.555 926.534 944.769 959.311 966.488 966.041 960.665 953.868 948.238 944.757 942.896 941.768 940.984 940.456 940.101 939.875 939.741 939.652 939.596 939.567 939.555 939.552 939.552 939.552 939.552 939.552 939.552 939.552 939.552 939.552 939.552 939.552 939.552 939.552
1257.056 1242.317 1229.134 1217.507 1207.091 1197.062 1186.287 1173.583 1157.953 1138.820 1116.231 1090.769 1063.307 1034.854 1006.467 979.147 953.827 931.412 912.723 898.312 888.366 882.695 880.661 881.310 883.454 885.890 887.740 888.856 890.303 894.439 903.575 917.889 934.905 950.489 960.614 963.329 959.880 953.520 947.369 943.177 941.124 940.342 939.985 939.766 939.642 939.579 939.555 939.552 939.552 939.552 939.552 939.552 939.552 939.552 939.552 939.552 939.552 939.552 939.552 939.552 939.552 939.552 939.552 939.552 939.552
1208.917 1198.553 1190.532 1184.539 1179.935 1175.629 1170.308 1162.716 1151.829 1137.070 1118.454 1096.481 1071.917 1045.685 1018.792 992.228 966.959 943.952 924.095 908.040 896.112 888.274 884.070 882.744 883.346 885.002 887.197 890.101 894.784 902.923 915.354 930.813 946.170 957.753 962.969 961.611 955.992 949.352 944.080 941.067 939.921 939.666 939.611 939.581 939.564 939.555 939.552 939.552 939.552 939.552 939.552 939.552 939.552 939.552 939.552 939.552 939.552 939.552 939.552 939.552 939.552 939.552 939.552 939.552 939.552
1162.306 1156.929 1154.323 1153.894 1154.761 1155.677 1155.281 1152.362 1145.950 1135.496 1120.975 1102.775 1081.527 1058.056 1033.305 1008.217 983.731 960.800 940.298 922.904 909.064 898.924 892.267 888.676 887.619 888.679 891.727 897.044 905.256 916.849 931.108 945.732 957.608 964.197 964.567 959.948 953.105 946.776 942.455 940.313 939.643 939.552 939.552 939.552 939.552 939.552 939.552 939.552 939.552 939.552 939.552 939.552 939.552 939.552 939.552 939.552 939.552 939.552 939.552 939.552 939.552 939.552 939.552 939.552 939.552
1119.122 1118.665 1121.099 1125.602 1131.148 1136.450 1140.217 1141.369 1139.042 1132.718 1122.317 1108.095 1090.539 1070.376 1048.472 1025.687 1002.866 980.868 960.457 942.276 926.855 914.514 905.324 899.345 896.611 897.236 901.396 909.186 920.330 933.893 947.868 959.551 966.573 967.890 964.131 957.392 950.293 944.760 941.435 939.979 939.591 939.552 939.552 939.552 939.552 939.552 939.552 939.552 939.552 939.552 939.552 939.552 939.552 939.552 939.552 939.552 939.552 939.552 939.552 939.552 939.552 939.552 939.552 939.552 939.552
1080.426 1084.291 1090.951 1099.435 1108.654 1117.387 1124.503 1129.088 1130.389 1127.902 1121.486 1111.271 1097.620 1081.189 1062.776 1043.107 1022.872 1002.744 983.288 965.035 948.554 934.313 922.700 914.346 909.952 910.154 915.245 924.807 937.413 950.823 962.287 969.441 971.141 967.861 961.328 953.838 947.382 943.002 940.664 939.764 939.565 939.552 939.552 939.552 939.552 939.552 939.552 939.552 939.552 939.552 939.552 939.552 939.552 939.552 939.552 939.552 939.552 939.552 939.552 939.552 939.552 939.552 939.552 939.552 939.552
1046.660 1053.943 1063.818 1075.239 1087.143 1098.425 1108.139 1115.544 1119.948 1120.835 1118.021 1111.553 1101.743 1089.236 1074.766 1058.892 1042.069 1024.695 1007.045 989.480 972.548 956.827 943.038 932.437 926.391 925.949 931.296 941.307 953.449 964.581 971.922 974.013 971.039 964.638 956.982 949.979 944.766 941.633 940.144 939.643 939.555 939.552 939.552 939.552 939.552 939.552 939.552 939.552 939.552 939.552 939.552 939.552 939.552 939.552 939.552 939.552 939.552 939.552 939.552 939.552 939.552 939.552 939.552 939.552 939.552
1017.863 1027.545 1039.617 1053.020 1066.759 1079.873 1091.574 1101.213 1108.109 1111.719 1111.844 1108.553 1102.216 1093.541 1083.217 1071.577 1058.771 1044.829 1029.669 1013.436 996.631 979.902 964.296 951.683 943.990 942.482 947.067 955.934 965.742 973.059 975.691 973.304 967.149 959.432 952.155 946.469 942.713 940.694 939.839 939.587 939.552 939.552 939.552 939.552 939.552 939.552 939.552 939.552 939.552 939.552 939.552 939.552 939.552 939.552 939.552 939.552 939.552 939.552 939.552 939.552 939.552 939.552 939.552 939.552 939.552
993.971 1005.073 1018.429 1033.017 1047.933 1062.326 1075.493 1086.785 1095.461 1100.952 1103.117 1102.172 1098.675 1093.482 1087.233 1080.002 1071.542 1061.433 1049.200 1034.761 1018.551 1001.280 984.329 970.071 960.800 957.778 960.568 966.863 972.985 975.837 974.147 968.594 961.009 953.574 947.674 943.647 941.257 940.108 939.674 939.564 939.552 939.552 939.552 939.552 939.552 939.552 939.552 939.552 939.552 939.552 939.552 939.552 939.552 939.552 939.552 939.552 939.552 939.552 939.552 939.552 939.552 939.552 939.552 939.552 939.552
974.937 986.603 1000.484 1015.628 1031.210 1046.427 1060.563 1072.875 1082.518 1088.916 1092.073 1092.482 1091.020 1088.752 1086.277 1083.369 1079.324 1073.195 1064.094 1051.715 1036.441 1019.064 1001.295 985.880 975.236 970.429 970.710 973.556 975.464 974.089 969.140 961.956 954.434 948.292 944.145 941.669 940.344 939.780 939.594 939.555 939.552 939.552 939.552 939.552 939.552 939.552 939.552 939.552 939.552 939.552 939.552 939.552 939.552 939.552 939.552 939.552 939.552 939.552 939.552 939.552 939.552 939.552 939.552 939.552 939.552
960.680 972.208 985.997 1001.183 1016.979 1032.568 1047.127 1059.755 1069.490 1075.809 1078.933 1079.735 1079.490 1079.506 1080.343 1081.469 1081.678 1079.469 1073.520 1063.312 1049.205 1032.122 1014.124 998.151 986.508 979.922 977.454 976.634 974.551 969.785 962.867 955.355 948.838 944.347 941.804 940.493 939.862 939.628 939.563 939.552 939.552 939.552 939.552 939.552 939.552 939.552 939.552 939.552 939.552 939.552 939.552 939.552 939.552 939.552 939.552 939.552 939.552 939.552 939.552 939.552 939.552 939.552 939.552 939.552 939.552
950.913 961.735 974.910 989.662 1005.200 1020.643 1035.021 1047.252 1056.298 1061.727 1064.030 1064.490 1064.802 1066.521 1070.170 1074.928 1079.104 1080.618 1077.717 1069.673 1056.861 1040.424 1022.763 1006.859 994.707 986.636 981.611 977.440 972.026 964.869 957.052 950.017 944.831 941.842 940.485 939.901 939.650 939.572 939.555 939.552 939.552 939.552 939.552 939.552 939.552 939.552 939.552 939.552 939.552 939.552 939.552 939.552 939.552 939.552 939.552 939.552 939.552 939.552 939.552 939.552 939.552 939.552 939.552 939.552 939.552
945.040 954.698 966.795 980.627 995.388 1010.126 1023.721 1034.949 1042.740 1046.789 1047.847 1047.575 1048.051 1051.049 1057.069 1065.069 1072.895 1077.913 1077.903 1071.917 1060.387 1044.776 1027.829 1012.461 1000.246 991.121 983.995 977.093 969.170 960.532 952.538 946.313 942.361 940.484 939.855 939.649 939.572 939.555 939.552 939.552 939.552 939.552 939.552 939.552 939.552 939.552 939.552 939.552 939.552 939.552 939.552 939.552 939.552 939.552 939.552 939.552 939.552 939.552 939.552 939.552 939.552 939.552 939.552 939.552 939.552
942.190 950.314 960.916 973.361 986.839 1000.342 1012.655 1022.473 1028.737 1031.280 1031.057 1030.024 1030.563 1034.632 1042.733 1053.658 1064.860 1073.153 1075.796 1071.600 1061.101 1046.173 1029.923 1015.185 1003.122 993.313 984.633 975.765 966.236 956.937 949.275 943.973 941.033 939.882 939.627 939.572 939.555 939.552 939.552 939.552 939.552 939.552 939.552 939.552 939.552 939.552 939.552 939.552 939.552 939.552 939.552 939.552 939.552 939.552 939.552 939.552 939.552 939.552 939.552 939.552 939.552 939.552 939.552 939.552 939.552
941.256 947.557 956.308 966.963 978.735 990.608 1001.338 1009.589 1014.367 1015.609 1014.408 1012.903 1013.688 1018.854 1028.921 1042.571 1056.906 1068.195 1073.126 1070.246 1060.239 1045.487 1029.486 1015.067 1003.105 992.874 983.225 973.238 963.023 953.798 946.854 942.509 940.360 939.655 939.563 939.555 939.552 939.552 939.552 939.552 939.552 939.552 939.552 939.552 939.552 939.552 939.552 939.552 939.552 939.552 939.552 939.552 939.552 939.552 939.552 939.552 939.552 939.552 939.552 939.552 939.552 939.552 939.552 939.552 939.552
940.943 945.228 951.888 960.497 970.326 980.399 989.485 996.277 999.840 1000.203 998.513 997.003 998.380 1004.832 1016.891 1033.153 1050.405 1064.382 1071.154 1068.990 1058.774 1043.438 1026.909 1012.193 1000.064 989.576 979.562 969.357 959.369 950.878 944.945 941.550 940.021 939.585 939.552 939.552 939.552 939.552 939.552 939.552 939.552 939.552 939.552 939.552 939.552 939.552 939.552 939.552 939.552 939.552 939.552 939.552 939.552 939.552 939.552 939.552 939.552 939.552 939.552 939.552 939.552 939.552 939.552 939.552 939.552
940.201 942.420 946.940 953.459 961.337 969.657 977.237 982.808 985.510 985.429 983.728 982.669 985.008 992.977 1007.106 1025.910 1045.876 1062.239 1070.441 1068.479 1057.428 1040.742 1022.811 1007.036 994.302 983.613 973.757 964.165 955.212 948.009 943.315 940.854 939.827 939.563 939.552 939.552 939.552 939.552 939.552 939.552 939.552 939.552 939.552 939.552 939.552 939.552 939.552 939.552 939.552 939.552 939.552 939.552 939.552 939.552 939.552 939.552 939.552 939.552 939.552 939.552 939.552 939.552 939.552 939.552 939.552
938.534 938.814 941.323 945.901 951.994 958.749 965.029 969.626 971.750 971.537 970.161 969.868 973.415 983.043 999.244 1020.452 1042.910 1061.427 1070.895 1069.011 1056.941 1038.527 1018.596 1001.092 987.243 976.229 966.813 958.356 950.940 945.328 941.930 940.325 939.699 939.555 939.552 939.552 939.552 939.552 939.552 939.552 939.552 939.552 939.552 939.552 939.552 939.552 939.552 939.552 939.552 939.552 939.552 939.552 939.552 939.552 939.552 939.552 939.552 939.552 939.552 939.552 939.552 939.552 939.552 939.552 939.552
935.849 934.437 935.172 938.035 942.560 947.952 953.130 956.942 958.681 958.527 957.648 958.254 963.057 974.261 992.335 1015.669 1040.371 1060.981 1071.980 1070.722 1058.220 1038.429 1016.473 996.849 981.366 969.633 960.500 953.172 947.294 943.184 940.913 939.970 939.623 939.552 939.552 939.552 939.552 939.552 939.552 939.552 939.552 939.552 939.552 939.552 939.552 939.552 939.552 939.552 939.552 939.552 939.552 939.552 939.552 939.552 939.552 939.552 939.552 939.552 939.552 939.552 939.552 939.552 939.552 939.552 939.552
932.493 929.676 928.891 930.248 933.373 937.550 941.756 944.914 946.381 946.369 946.012 947.457 953.326 965.770 985.275 1010.305 1037.011 1059.896 1073.214 1073.881 1062.385 1042.374 1018.974 997.145 979.448 966.229 956.647 949.807 944.923 941.847 940.317 939.773 939.582 939.552 939.552 939.552 939.552 939.552 939.552 939.552 939.552 939.552 939.552 939.552 939.552 939.552 939.552 939.552 939.552 939.552 939.552 939.552 939.552 939.552 939.552 939.552 939.552 939.552 939.552 939.552 939.552 939.552 939.552 939.552 939.552
929.258 925.280 923.153 923.109 924.902 927.911 931.207 933.788 935.068 935.249 935.382 937.491 944.070 957.216 977.523 1003.702 1032.200 1057.745 1074.562 1078.992 1070.543 1052.041 1028.215 1004.273 983.657 967.807 956.516 948.988 944.139 941.383 940.117 939.699 939.562 939.552 939.552 939.552 939.552 939.552 939.552 939.552 939.552 939.552 939.552 939.552 939.552 939.552 939.552 939.552 939.552 939.552 939.552 939.552 939.552 939.552 939.552 939.552 939.552 939.552 939.552 939.552 939.552 939.552 939.552 939.552 939.552
926.797 921.817 918.423 916.991 917.430 919.270 921.705 923.828 925.077 925.569 926.210 928.808 935.694 948.922 969.321 996.073 1026.182 1054.864 1076.470 1086.637 1083.427 1068.324 1045.235 1019.352 995.081 975.273 960.737 951.056 945.068 941.800 940.284 939.730 939.557 939.552 939.552 939.552 939.552 939.552 939.552 939.552 939.552 939.552 939.552 939.552 939.552 939.552 939.552 939.552 939.552 939.552 939.552 939.552 939.552 939.552 939.552 939.552 939.552 939.552 939.552 939.552 939.552 939.552 939.552 939.552 939.552
925.366 919.451 914.813 911.991 911.093 911.835 913.564 915.470 916.967 918.031 919.315 922.346 929.238 942.040 961.934 988.774 1020.361 1052.577 1079.995 1097.437 1101.215 1091.033 1069.618 1041.930 1013.339 988.336 969.091 955.855 947.596 943.028 940.794 939.868 939.571 939.552 939.552 939.552 939.552 939.552 939.552 939.552 939.552 939.552 939.552 939.552 939.552 939.552 939.552 939.552 939.552 939.552 939.552 939.552 939.552 939.552 939.552 939.552 939.552 939.552 939.552 939.552 939.552 939.552 939.552 939.552 939.552
925.180 918.390 912.584 908.482 906.395 906.236 907.536 909.558 911.672 913.658 915.850 919.417 926.245 938.394 957.481 984.163 1017.155 1053.096 1086.786 1112.201 1123.793 1119.235 1099.907 1070.395 1036.965 1005.826 980.746 962.863 951.432 944.932 941.604 940.116 939.610 939.552 939.552 939.552 939.552 939.552 939.552 939.552 939.552 939.552 939.552 939.552 939.552 939.552 939.552 939.552 939.552 939.552 939.552 939.552 939.552 939.552 939.552 939.552 939.552 939.552 939.552 939.552 939.552 939.552 939.552 939.552 939.552
926.320 918.824 912.090 906.988 904.014 903.277 904.485 906.989 910.106 913.400 916.860 921.267 928.246 939.891 958.265 984.841 1019.253 1058.845 1098.601 1131.691 1150.831 1151.665 1134.214 1102.649 1064.042 1026.214 994.625 971.416 956.225 947.359 942.674 940.474 939.680 939.552 939.552 939.552 939.552 939.552 939.552 939.552 939.552 939.552 939.552 939.552 939.552 939.552 939.552 939.552 939.552 939.552 939.552 939.552 939.552 939.552 939.552 939.552 939.552 939.552 939.552 939.552 939.552 939.552 939.552 939.552 939.552
