prediction_s2s__medianmodel_07-Feb-2021_4thday.asc
ncols	141
nrows	288
xllcorner	-120191.398
yllcorner	-301404.813
cellsize	2000.000
NODATA_value	-999.250
[rows 168 to 195 of 288, columns 63 to 125 of 141]
863.682 859.557 857.279 856.307 856.264 857.332 860.408 866.796 877.794 894.161 915.803 941.653 969.889 997.950 1022.730 1040.932 1049.591 1046.601 1031.409 1005.306 971.310 933.466 896.091 862.981 836.909 819.384 810.761 810.370 817.005 829.437 846.764 868.796 896.064 928.697 965.136 1001.974 1035.602 1064.579 1090.763 1118.232 1149.997 1184.435 1215.037 1233.737 1236.048 1224.260 1206.622 1192.739 1188.773 1195.073 1207.408 1220.283 1229.918 1235.351 1237.553 1238.094 1238.145 1238.145 1238.145 1238.145 1238.145 1238.145 1238.145
833.843 827.967 824.529 823.238 823.867 826.544 831.975 841.209 855.318 874.968 900.100 929.760 962.239 995.055 1025.098 1048.950 1063.432 1066.110 1056.061 1034.214 1003.324 967.326 930.599 897.074 869.681 850.041 838.560 834.612 837.095 845.049 858.072 876.638 901.884 934.348 972.665 1013.438 1052.966 1089.435 1123.992 1159.749 1198.686 1238.151 1270.654 1287.247 1283.183 1261.377 1231.718 1206.139 1193.039 1193.911 1204.348 1217.568 1228.337 1234.717 1237.393 1238.073 1238.145 1238.145 1238.145 1238.145 1238.145 1238.145 1238.145
811.586 803.650 798.311 795.637 795.662 798.599 805.029 815.759 831.586 852.994 879.883 911.384 945.951 981.303 1014.527 1042.298 1061.432 1069.340 1064.806 1048.395 1022.478 990.659 957.080 925.516 898.787 878.499 865.141 858.293 857.189 861.320 870.776 886.495 909.912 941.750 980.881 1024.273 1068.496 1111.545 1153.777 1197.120 1242.392 1286.157 1320.460 1335.875 1327.376 1298.026 1258.675 1222.935 1201.179 1196.210 1203.847 1216.440 1227.555 1234.390 1237.314 1238.061 1238.145 1238.145 1238.145 1238.145 1238.145 1238.145 1238.145
796.302 786.402 778.889 774.213 772.743 774.859 781.094 792.030 808.180 829.788 856.681 888.089 922.709 958.606 993.214 1023.480 1046.324 1059.083 1060.288 1050.084 1030.364 1004.220 975.350 947.173 922.295 902.300 887.868 878.961 875.312 876.908 884.217 898.351 920.684 951.879 990.992 1035.478 1082.373 1129.651 1177.003 1225.330 1274.560 1320.853 1356.243 1371.184 1360.367 1326.682 1281.246 1238.604 1210.466 1200.730 1205.571 1216.948 1227.703 1234.450 1237.333 1238.060 1238.145 1238.145 1238.145 1238.145 1238.145 1238.145 1238.145
787.669 776.343 766.894 760.080 756.617 757.093 762.063 771.953 787.023 807.288 832.511 862.090 895.060 929.946 964.655 996.473 1022.468 1039.892 1046.949 1043.299 1030.233 1010.237 986.475 961.989 939.234 919.896 904.993 894.996 890.165 890.894 897.806 911.874 934.112 964.898 1003.363 1047.457 1094.738 1143.348 1192.617 1242.777 1293.203 1339.973 1375.303 1389.800 1378.069 1342.773 1294.960 1249.374 1218.224 1205.883 1208.784 1218.824 1228.697 1234.876 1237.452 1238.072 1238.145 1238.145 1238.145 1238.145 1238.145 1238.145 1238.145
785.551 773.642 762.846 754.123 748.475 746.726 749.529 757.239 769.946 787.515 809.703 836.123 866.240 899.121 933.186 966.095 995.016 1017.026 1029.908 1032.703 1026.003 1011.656 992.334 970.839 949.680 930.850 915.834 905.655 901.009 902.501 910.655 926.059 949.160 979.896 1017.362 1059.911 1105.629 1153.008 1201.390 1250.717 1300.062 1345.442 1379.242 1392.471 1380.075 1344.860 1297.752 1253.121 1222.658 1210.398 1212.681 1221.614 1230.302 1235.560 1237.637 1238.094 1238.145 1238.145 1238.145 1238.145 1238.145 1238.145 1238.145
789.690 778.098 766.684 756.489 748.718 744.439 744.466 749.189 758.630 772.582 790.854 813.329 839.943 870.321 903.410 937.208 968.928 995.373 1013.786 1022.481 1021.290 1011.439 995.232 975.448 954.878 936.041 920.986 911.225 907.751 911.158 921.682 939.374 964.039 995.110 1031.553 1071.987 1114.964 1159.491 1205.225 1252.089 1298.882 1341.358 1371.941 1382.321 1368.453 1333.959 1289.802 1249.454 1223.100 1213.522 1216.571 1224.784 1232.177 1236.340 1237.837 1238.119 1238.145 1238.145 1238.145 1238.145 1238.145 1238.145 1238.145
799.499 788.960 777.610 766.460 756.858 750.107 747.215 748.685 754.546 764.584 778.703 797.059 820.026 847.766 879.717 914.176 948.356 978.754 1002.004 1015.665 1018.800 1012.066 997.527 978.116 957.101 937.627 922.320 913.108 911.123 916.826 930.068 950.354 976.877 1008.580 1044.230 1082.562 1122.532 1163.684 1206.107 1249.767 1293.066 1331.274 1356.878 1362.708 1346.454 1313.143 1273.760 1240.319 1220.636 1215.564 1220.250 1227.966 1234.026 1237.074 1238.014 1238.141 1238.145 1238.145 1238.145 1238.145 1238.145 1238.145 1238.145
814.178 805.188 794.445 782.893 771.982 763.208 757.785 756.345 758.967 765.461 775.814 790.404 809.975 835.152 865.782 900.435 936.341 969.729 996.703 1014.118 1020.332 1015.500 1001.528 981.560 959.382 938.746 922.801 913.781 912.882 920.410 935.884 958.362 986.549 1018.949 1054.083 1090.659 1127.917 1165.875 1205.004 1245.197 1284.314 1317.087 1336.334 1336.565 1317.760 1286.539 1253.616 1228.894 1217.259 1217.363 1223.824 1230.965 1235.670 1237.674 1238.145 1238.156 1238.145 1238.145 1238.145 1238.145 1238.145 1238.145 1238.145
833.098 825.926 816.194 804.798 793.246 783.205 776.059 772.545 772.789 776.614 784.050 795.620 812.320 835.103 864.149 898.276 934.799 969.818 999.077 1018.904 1027.089 1023.354 1009.428 988.609 965.058 942.999 925.966 916.427 915.639 923.831 940.348 963.995 993.157 1025.993 1060.744 1095.981 1131.083 1166.390 1202.567 1239.260 1273.668 1300.169 1312.372 1306.967 1286.429 1258.668 1233.541 1218.325 1214.784 1219.584 1227.290 1233.586 1236.962 1238.084 1238.221 1238.163 1238.145 1238.145 1238.145 1238.145 1238.145 1238.145 1238.145
855.893 850.634 842.192 831.440 819.953 809.517 801.625 797.099 796.077 798.367 803.984 813.495 828.009 848.662 875.867 908.674 944.571 979.721 1009.759 1030.734 1040.041 1037.024 1023.171 1001.750 977.073 953.596 935.079 924.141 922.157 929.427 945.344 968.706 997.775 1030.484 1064.800 1099.090 1132.730 1166.145 1199.893 1233.162 1262.521 1282.364 1287.674 1277.600 1256.853 1233.966 1217.248 1211.060 1214.352 1222.459 1230.465 1235.624 1237.810 1238.287 1238.237 1238.163 1238.145 1238.145 1238.145 1238.145 1238.145 1238.145 1238.145
882.235 878.825 871.789 862.029 851.174 841.093 833.357 828.831 827.645 829.566 834.536 843.057 856.202 875.139 900.411 931.283 965.505 999.496 1029.030 1050.110 1059.927 1057.500 1043.996 1022.454 997.086 972.328 951.991 938.799 934.287 938.997 952.597 974.108 1001.889 1033.788 1067.560 1101.329 1134.294 1166.670 1198.565 1228.513 1252.628 1265.863 1265.104 1251.984 1232.775 1215.765 1207.144 1208.392 1216.348 1225.916 1233.229 1237.053 1238.263 1238.342 1238.221 1238.158 1238.145 1238.145 1238.145 1238.145 1238.145 1238.145 1238.145
911.501 909.685 903.975 895.330 885.434 876.208 869.270 865.519 865.084 867.675 873.106 881.710 894.393 912.221 935.770 964.492 996.475 1028.513 1056.699 1077.170 1087.057 1085.106 1072.126 1050.794 1025.020 999.034 976.567 960.388 952.253 953.055 962.927 981.310 1006.842 1037.412 1070.640 1104.363 1137.426 1169.507 1199.958 1226.608 1245.440 1252.567 1247.092 1232.722 1216.457 1205.497 1203.651 1209.972 1220.148 1229.462 1235.384 1237.902 1238.418 1238.311 1238.193 1238.152 1238.145 1238.145 1238.145 1238.145 1238.145 1238.145 1238.145
942.625 941.910 937.204 929.539 920.641 912.476 906.699 904.258 905.291 909.438 916.338 926.066 939.245 956.743 979.098 1005.931 1035.664 1065.526 1091.989 1111.431 1120.993 1119.233 1106.619 1085.422 1059.168 1031.783 1006.835 987.136 974.675 970.782 976.141 990.726 1013.566 1042.671 1075.547 1109.693 1143.388 1175.516 1204.519 1227.677 1241.372 1243.341 1234.812 1220.873 1208.353 1202.783 1205.696 1214.509 1224.713 1232.569 1236.826 1238.263 1238.379 1238.238 1238.165 1238.147 1238.145 1238.145 1238.145 1238.145 1238.145 1238.145 1238.145
974.161 973.818 969.565 962.521 954.451 947.347 942.919 942.186 945.298 951.807 961.113 972.952 987.588 1005.628 1027.535 1053.073 1080.976 1108.879 1133.608 1151.784 1160.611 1158.531 1145.742 1124.160 1096.953 1067.747 1039.956 1016.434 999.435 990.723 991.535 1002.377 1022.658 1050.502 1083.271 1118.034 1152.345 1184.187 1211.196 1230.523 1239.488 1237.653 1227.876 1215.797 1207.248 1205.869 1211.373 1220.458 1229.165 1234.999 1237.683 1238.348 1238.282 1238.178 1238.147 1238.145 1238.145 1238.145 1238.145 1238.145 1238.145 1238.145 1238.145
1004.678 1003.858 999.400 992.517 985.010 978.907 975.989 977.343 983.126 992.744 1005.297 1020.117 1037.062 1056.453 1078.677 1103.617 1130.281 1156.616 1179.752 1196.496 1204.128 1201.050 1187.294 1164.539 1135.686 1104.138 1073.212 1045.859 1024.605 1011.598 1008.531 1016.294 1034.556 1061.440 1094.072 1129.037 1163.153 1193.663 1217.789 1233.095 1238.216 1234.295 1225.097 1215.892 1211.030 1212.383 1218.601 1226.429 1232.919 1236.720 1238.149 1238.340 1238.216 1238.155 1238.145 1238.145 1238.145 1238.145 1238.145 1238.145 1238.145 1238.145 1238.145
1033.009 1030.912 1025.651 1018.522 1011.370 1006.265 1005.060 1008.889 1017.873 1031.222 1047.676 1066.106 1085.957 1107.279 1130.394 1155.301 1181.221 1206.348 1228.005 1243.149 1249.138 1244.396 1228.902 1204.210 1173.079 1138.802 1104.679 1073.814 1049.001 1032.676 1026.808 1032.437 1049.243 1075.197 1107.120 1141.170 1173.646 1201.466 1221.989 1233.640 1236.333 1232.273 1225.208 1219.349 1217.465 1220.155 1225.679 1231.460 1235.664 1237.772 1238.345 1238.291 1238.178 1238.147 1238.145 1238.145 1238.145 1238.145 1238.145 1238.145 1238.145 1238.145 1238.145
1058.106 1054.172 1047.711 1040.114 1033.257 1029.255 1030.004 1036.650 1049.206 1066.635 1087.278 1109.560 1132.533 1156.016 1180.282 1205.440 1230.876 1254.959 1275.152 1288.525 1292.524 1285.652 1267.916 1240.857 1207.178 1170.142 1133.115 1099.390 1071.990 1053.521 1045.978 1050.257 1065.798 1090.311 1120.390 1152.017 1181.404 1205.620 1222.596 1231.634 1233.630 1231.064 1226.987 1224.304 1224.477 1227.355 1231.440 1235.076 1237.364 1238.281 1238.368 1238.234 1238.154 1238.145 1238.145 1238.145 1238.145 1238.145 1238.145 1238.145 1238.145 1238.145 1238.145
1078.895 1072.934 1065.210 1057.184 1050.757 1048.050 1050.955 1060.550 1076.697 1098.088 1122.692 1148.553 1174.396 1199.876 1225.226 1250.640 1275.626 1298.685 1317.378 1328.892 1330.785 1321.677 1301.660 1272.301 1236.312 1196.966 1157.720 1122.043 1093.130 1073.580 1065.173 1068.372 1082.218 1104.215 1131.028 1158.918 1184.514 1205.353 1219.909 1228.059 1230.987 1230.830 1229.709 1229.434 1230.622 1232.927 1235.406 1237.271 1238.225 1238.441 1238.316 1238.194 1238.147 1238.145 1238.145 1238.145 1238.145 1238.145 1238.145 1238.145 1238.145 1238.145 1238.145
1095.047 1087.254 1078.552 1070.415 1064.724 1063.539 1068.658 1081.021 1100.307 1124.972 1152.729 1181.364 1209.411 1236.411 1262.569 1288.114 1312.629 1334.688 1351.947 1361.711 1361.677 1350.603 1328.693 1297.575 1259.973 1219.152 1178.622 1141.986 1112.484 1092.529 1083.457 1085.105 1096.116 1114.106 1136.319 1159.861 1182.130 1201.053 1215.255 1224.462 1229.487 1231.835 1232.943 1233.965 1235.244 1236.608 1237.710 1238.338 1238.519 1238.416 1238.251 1238.167 1238.145 1238.145 1238.145 1238.145 1238.145 1238.145 1238.145 1238.145 1238.145 1238.145 1238.145
1108.161 1099.018 1089.866 1082.131 1077.584 1078.124 1085.349 1099.992 1121.561 1148.375 1178.059 1208.340 1237.705 1265.648 1292.342 1317.995 1342.179 1363.495 1379.664 1388.100 1386.632 1374.159 1351.017 1318.885 1280.493 1239.053 1198.079 1161.222 1131.626 1111.345 1101.055 1099.896 1106.307 1118.525 1135.050 1154.346 1174.648 1193.894 1210.059 1221.918 1229.474 1233.778 1236.015 1237.292 1238.106 1238.571 1238.726 1238.683 1238.518 1238.331 1238.199 1238.154 1238.145 1238.145 1238.145 1238.145 1238.145 1238.145 1238.145 1238.145 1238.145 1238.145 1238.145
1121.645 1111.762 1102.801 1096.033 1093.021 1095.399 1104.472 1120.732 1143.552 1171.256 1201.588 1232.420 1262.334 1290.848 1318.057 1344.073 1368.381 1389.520 1405.233 1412.982 1410.704 1397.425 1373.614 1341.035 1302.421 1260.921 1220.010 1183.284 1153.640 1132.579 1119.964 1114.256 1114.005 1118.665 1128.639 1144.084 1163.919 1185.487 1205.317 1220.605 1230.500 1235.871 1238.226 1239.099 1239.316 1239.172 1238.880 1238.600 1238.384 1238.236 1238.163 1238.147 1238.145 1238.145 1238.145 1238.145 1238.145 1238.145 1238.145 1238.145 1238.145 1238.145 1238.145
1139.656 1129.630 1121.433 1116.104 1114.903 1119.112 1129.696 1146.906 1170.065 1197.656 1227.708 1258.407 1288.529 1317.626 1345.694 1372.650 1397.788 1419.518 1435.493 1443.159 1440.502 1426.688 1402.328 1369.356 1330.579 1289.115 1248.367 1211.771 1181.831 1159.318 1143.149 1131.215 1122.504 1118.164 1120.924 1132.703 1152.846 1177.613 1201.591 1220.195 1231.831 1237.518 1239.444 1239.735 1239.493 1239.075 1238.682 1238.412 1238.258 1238.177 1238.147 1238.145 1238.145 1238.145 1238.145 1238.145 1238.145 1238.145 1238.145 1238.145 1238.145 1238.145 1238.145
1165.354 1155.612 1148.554 1144.906 1145.572 1151.460 1163.201 1180.867 1203.830 1230.831 1260.311 1290.818 1321.355 1351.475 1381.004 1409.606 1436.308 1459.289 1476.029 1483.866 1480.791 1466.106 1440.687 1406.734 1367.286 1325.508 1284.741 1248.164 1217.707 1193.270 1172.739 1153.532 1135.317 1121.182 1116.248 1124.082 1144.203 1171.634 1198.979 1220.033 1232.668 1238.268 1239.713 1239.599 1239.173 1238.750 1238.443 1238.272 1238.188 1238.155 1238.145 1238.145 1238.145 1238.145 1238.145 1238.145 1238.145 1238.145 1238.145 1238.145 1238.145 1238.145 1238.145
1199.242 1189.968 1184.108 1182.054 1184.357 1191.588 1204.129 1221.967 1244.613 1271.146 1300.382 1331.212 1362.777 1394.546 1426.129 1456.896 1485.557 1510.010 1527.484 1535.170 1531.030 1514.568 1487.033 1451.090 1410.168 1367.607 1326.673 1290.174 1259.339 1233.047 1208.133 1181.641 1154.023 1130.237 1117.556 1120.927 1139.920 1168.483 1197.617 1219.863 1232.816 1238.198 1239.338 1239.101 1238.717 1238.428 1238.261 1238.184 1238.157 1238.147 1238.145 1238.145 1238.145 1238.145 1238.145 1238.145 1238.145 1238.145 1238.145 1238.145 1238.145 1238.145 1238.145
1238.315 1229.442 1224.521 1223.623 1227.014 1235.037 1247.961 1265.820 1288.335 1314.885 1344.587 1376.498 1409.762 1443.666 1477.533 1510.435 1540.788 1566.216 1583.699 1590.270 1583.934 1564.487 1533.691 1494.845 1451.901 1408.434 1367.606 1331.730 1301.153 1273.674 1245.148 1212.377 1176.623 1144.472 1124.868 1123.702 1140.573 1168.625 1197.808 1219.982 1232.657 1237.752 1238.783 1238.614 1238.370 1238.224 1238.165 1238.147 1238.145 1238.145 1238.145 1238.145 1238.145 1238.145 1238.145 1238.145 1238.145 1238.145 1238.145 1238.145 1238.145 1238.145 1238.145
1277.784 1269.049 1264.540 1264.091 1267.783 1275.888 1288.724 1306.488 1329.131 1356.253 1387.084 1420.650 1455.906 1491.871 1527.587 1561.875 1592.944 1618.207 1634.465 1638.674 1628.982 1605.573 1570.830 1528.768 1483.877 1439.980 1400.029 1365.690 1336.311 1308.605 1277.631 1240.202 1198.442 1160.233 1135.573 1130.820 1145.399 1171.916 1199.832 1220.897 1232.754 1237.428 1238.401 1238.350 1238.224 1238.165 1238.147 1238.145 1238.145 1238.145 1238.145 1238.145 1238.145 1238.145 1238.145 1238.145 1238.145 1238.145 1238.145 1238.145 1238.145 1238.145 1238.145
1313.582 1304.600 1299.827 1298.974 1302.074 1309.494 1321.729 1339.214 1362.096 1390.059 1422.242 1457.440 1494.307 1531.563 1568.030 1602.395 1632.763 1656.469 1670.260 1671.109 1657.404 1629.788 1591.297 1546.579 1500.577 1457.247 1419.218 1387.375 1360.016 1332.846 1300.445 1259.971 1214.546 1173.082 1146.030 1139.609 1152.752 1177.577 1203.509 1222.741 1233.291 1237.331 1238.184 1238.208 1238.165 1238.147 1238.145 1238.145 1238.145 1238.145 1238.145 1238.145 1238.145 1238.145 1238.145 1238.145 1238.145 1238.145 1238.145 1238.145 1238.145 1238.145 1238.145
