prediction_s2s__medianmodel_07-Feb-2021_7thday.asc
ncols	141
nrows	288
xllcorner	-120191.398
yllcorner	-301404.813
cellsize	2000.000
NODATA_value	-999.250
[rows 203 to 231 of 288, columns 0 to 64 of 141]
428.751 613.507 796.975 877.508 920.164 933.428 937.145 939.574 948.111 969.803 1010.764 1072.184 1149.830 1235.109 1317.429 1387.458 1440.626 1475.977 1494.933 1500.708 1498.563 1495.685 1501.401 1524.199 1568.855 1634.074 1712.990 1794.699 1868.592 1927.053 1966.847 1988.464 1994.843 1989.555 1975.400 1953.760 1924.814 1888.160 1843.474 1791.661 1735.403 1678.764 1625.962 1580.750 1545.352 1519.854 1502.367 1490.151 1479.954 1468.884 1455.191 1438.477 1419.274 1398.907 1378.889 1360.276 1343.480 1328.489 1314.881 1302.233 1290.379 1279.381 1269.294 1260.373 1253.017
428.751 613.507 796.975 877.508 920.138 933.345 937.063 939.590 948.210 969.571 1008.980 1067.028 1139.279 1217.412 1291.509 1353.112 1397.916 1424.801 1434.854 1431.111 1419.049 1406.598 1403.999 1420.804 1462.758 1529.396 1614.384 1706.779 1795.064 1870.048 1926.626 1963.553 1982.826 1987.912 1982.112 1967.570 1945.125 1914.642 1875.717 1828.991 1776.742 1722.644 1670.644 1624.382 1586.127 1556.247 1533.350 1515.276 1499.381 1483.284 1465.445 1445.438 1423.597 1401.015 1379.055 1358.785 1340.693 1324.839 1310.829 1298.193 1286.696 1276.377 1267.286 1259.626 1253.679
428.751 613.507 796.975 877.508 920.133 933.394 937.358 940.307 949.237 970.070 1006.917 1059.599 1123.587 1191.189 1253.687 1304.057 1338.619 1356.362 1358.139 1346.782 1327.627 1308.710 1300.299 1312.205 1350.785 1416.715 1505.015 1605.702 1707.108 1798.695 1873.168 1926.998 1960.690 1977.320 1980.653 1973.779 1958.435 1934.967 1902.980 1862.774 1816.019 1765.719 1715.353 1668.351 1627.073 1592.342 1563.463 1538.991 1516.975 1495.537 1473.338 1449.863 1425.236 1400.271 1376.121 1353.809 1333.852 1316.374 1301.080 1287.562 1275.638 1265.422 1257.010 1250.534 1246.080
428.751 613.507 796.975 877.508 920.148 933.551 937.875 941.266 950.204 969.622 1002.286 1047.344 1100.462 1154.976 1203.788 1241.611 1265.619 1275.055 1270.646 1254.921 1232.671 1211.321 1200.239 1208.672 1243.250 1306.038 1394.194 1499.665 1611.446 1718.081 1810.032 1881.098 1929.868 1958.698 1971.685 1972.915 1965.211 1949.541 1925.598 1893.271 1853.439 1808.203 1760.386 1713.104 1668.831 1628.947 1593.589 1562.149 1533.436 1506.126 1479.097 1451.805 1424.156 1396.674 1370.213 1345.654 1323.455 1303.777 1286.453 1271.261 1258.184 1247.505 1239.397 1233.895 1230.844
428.751 613.507 796.975 877.508 920.183 933.768 938.440 942.041 950.356 967.194 994.115 1029.877 1070.679 1111.199 1146.142 1171.917 1186.589 1189.697 1181.908 1165.355 1143.978 1123.948 1113.039 1119.280 1149.259 1206.551 1290.957 1397.120 1515.425 1634.031 1741.407 1828.600 1891.963 1932.863 1955.545 1965.005 1965.186 1957.778 1942.605 1919.104 1887.245 1848.078 1803.638 1756.623 1709.593 1664.524 1622.457 1583.691 1547.872 1514.304 1482.150 1450.859 1420.157 1390.218 1361.528 1334.707 1310.088 1287.836 1267.971 1250.552 1235.827 1224.288 1216.199 1211.470 1209.654
428.751 613.507 796.975 877.508 920.222 933.973 938.862 942.326 949.352 962.683 982.978 1008.917 1037.506 1064.877 1087.449 1103.088 1110.623 1109.873 1101.441 1086.990 1069.432 1053.348 1044.558 1049.525 1074.541 1124.594 1202.225 1305.149 1425.691 1552.211 1671.658 1772.578 1848.966 1900.991 1932.797 1950.111 1957.901 1958.598 1952.197 1937.700 1914.163 1881.568 1841.091 1794.938 1745.677 1695.824 1647.302 1601.349 1558.514 1518.781 1481.647 1446.579 1413.109 1381.017 1350.348 1321.411 1294.358 1269.381 1246.741 1226.827 1210.207 1197.606 1189.363 1185.251 1184.523
428.751 613.507 796.975 877.508 920.257 934.120 939.059 942.058 947.352 956.797 970.526 987.404 1005.333 1021.794 1034.646 1042.818 1045.725 1043.376 1036.282 1025.607 1013.231 1002.146 996.280 1000.475 1020.544 1062.548 1131.430 1227.958 1346.713 1476.788 1604.278 1715.734 1802.843 1864.417 1904.273 1928.589 1943.134 1951.063 1952.562 1946.284 1930.523 1904.308 1867.999 1823.235 1772.510 1718.739 1664.634 1612.345 1563.310 1518.195 1476.837 1438.713 1403.111 1369.392 1337.135 1306.319 1276.964 1249.324 1223.935 1201.550 1183.059 1169.385 1160.934 1157.352 1157.640
428.751 613.507 796.975 877.508 920.282 934.197 939.058 941.438 944.953 950.845 959.022 968.673 978.515 987.107 993.346 996.824 997.329 994.959 990.086 983.422 975.999 969.495 966.297 969.823 985.277 1019.310 1078.651 1166.789 1280.583 1410.290 1541.793 1660.302 1755.390 1824.486 1870.870 1900.880 1920.817 1934.439 1942.182 1942.506 1933.177 1912.498 1880.115 1837.121 1785.822 1729.387 1671.153 1614.067 1560.361 1511.317 1467.036 1426.962 1390.098 1355.386 1321.989 1289.616 1258.242 1228.250 1200.459 1175.957 1155.906 1141.381 1132.836 1129.847 1131.231
428.751 613.507 796.975 877.508 920.295 934.215 938.931 940.707 942.730 945.888 950.082 954.833 959.465 963.270 965.767 966.857 966.505 964.815 962.032 958.529 954.782 951.582 950.235 953.036 964.509 991.434 1041.603 1120.678 1227.586 1353.936 1485.922 1608.050 1708.165 1782.394 1833.370 1867.327 1890.819 1908.091 1919.865 1924.589 1919.804 1903.366 1874.373 1833.414 1782.538 1724.994 1664.531 1604.721 1548.415 1497.337 1451.771 1411.033 1373.846 1338.779 1304.703 1271.177 1238.241 1206.467 1176.927 1150.958 1129.906 1114.942 1106.592 1104.438 1107.228
428.751 613.507 796.975 877.508 920.298 934.201 938.778 940.105 941.117 942.534 944.324 946.244 947.996 949.291 949.970 950.061 949.595 948.655 947.380 945.922 944.449 943.242 942.947 945.041 953.368 974.484 1016.614 1086.978 1186.205 1307.258 1436.961 1559.668 1661.964 1738.863 1792.303 1828.237 1853.233 1871.896 1885.273 1892.016 1889.702 1876.049 1849.765 1811.016 1761.543 1704.527 1643.919 1583.673 1527.027 1475.955 1430.793 1390.677 1354.071 1319.297 1285.083 1250.978 1217.183 1184.477 1154.113 1127.551 1106.244 1091.431 1083.751 1082.932 1087.787
428.751 613.507 796.975 877.508 920.297 934.178 938.657 939.706 940.141 940.623 941.190 941.750 942.203 942.456 942.486 942.335 942.046 941.665 941.253 940.849 940.480 940.209 940.323 941.747 947.716 964.354 999.879 1062.455 1153.989 1268.643 1394.041 1514.776 1616.691 1693.924 1747.751 1783.718 1808.241 1826.166 1838.907 1845.483 1843.746 1831.480 1807.200 1770.726 1723.497 1668.498 1609.694 1551.179 1496.340 1447.169 1403.954 1365.633 1330.464 1296.661 1262.981 1229.077 1195.374 1162.836 1132.799 1106.734 1086.120 1072.284 1066.061 1067.458 1075.486
428.751 613.507 796.975 877.508 920.295 934.163 938.590 939.508 939.689 939.787 939.890 939.974 940.020 940.011 939.954 939.871 939.779 939.696 939.632 939.590 939.567 939.560 939.696 940.547 944.832 958.182 988.519 1044.434 1128.667 1236.356 1355.958 1472.593 1571.822 1647.220 1699.471 1733.660 1755.960 1771.377 1781.720 1786.465 1783.882 1771.975 1749.166 1715.036 1670.734 1618.983 1563.604 1508.626 1457.337 1411.603 1371.564 1335.976 1302.982 1270.838 1238.461 1205.702 1173.206 1142.076 1113.629 1089.269 1070.474 1058.703 1055.094 1060.054 1072.881
428.751 613.507 796.975 877.508 920.294 934.156 938.566 939.444 939.552 939.552 939.552 939.552 939.552 939.552 939.552 939.552 939.552 939.552 939.552 939.552 939.552 939.552 939.605 940.048 943.185 954.152 980.438 1030.652 1107.995 1208.369 1321.055 1431.868 1526.489 1598.200 1647.198 1678.116 1696.846 1708.507 1715.312 1717.237 1713.019 1700.935 1679.386 1647.776 1606.986 1559.445 1508.707 1458.570 1412.071 1370.818 1334.765 1302.553 1272.299 1242.436 1212.140 1181.492 1151.329 1122.825 1097.214 1075.795 1060.073 1051.719 1052.259 1062.584 1082.303
428.751 613.507 796.975 877.508 920.294 934.156 938.566 939.444 939.552 939.552 939.552 939.552 939.552 939.552 939.552 939.552 939.552 939.552 939.552 939.552 939.552 939.552 939.554 939.728 942.026 951.109 973.969 1018.993 1089.603 1182.320 1287.240 1390.984 1479.624 1546.349 1590.983 1617.710 1632.148 1639.509 1642.365 1641.181 1635.145 1622.799 1602.558 1573.707 1536.882 1494.195 1448.865 1404.343 1363.297 1327.026 1295.325 1266.776 1239.610 1212.520 1184.995 1157.341 1130.531 1105.759 1084.144 1066.898 1055.596 1052.204 1058.702 1076.474 1105.397
428.751 613.507 796.975 877.508 920.294 934.156 938.566 939.444 939.552 939.552 939.552 939.552 939.552 939.552 939.552 939.552 939.552 939.552 939.552 939.552 939.552 939.552 939.507 939.442 941.001 948.374 968.022 1007.981 1071.756 1156.404 1252.870 1348.653 1430.406 1491.391 1531.142 1553.419 1563.559 1566.799 1566.010 1562.065 1554.533 1542.187 1523.492 1497.639 1465.081 1427.598 1388.035 1349.422 1314.005 1282.765 1255.369 1230.462 1206.481 1182.455 1158.196 1134.213 1111.558 1091.397 1074.743 1062.763 1057.169 1060.256 1074.478 1101.651 1141.809
428.751 613.507 796.975 877.508 920.294 934.156 938.566 939.444 939.552 939.552 939.552 939.552 939.552 939.552 939.552 939.552 939.552 939.552 939.552 939.552 939.552 939.552 939.440 939.104 939.891 945.511 961.880 996.627 1053.271 1129.382 1216.802 1303.983 1378.310 1433.270 1468.172 1486.363 1492.865 1492.845 1489.330 1483.482 1475.167 1463.338 1446.528 1423.901 1395.751 1363.575 1329.809 1297.027 1267.038 1240.523 1217.097 1195.547 1174.621 1153.720 1132.974 1113.058 1095.053 1080.068 1069.037 1063.136 1064.236 1074.986 1098.258 1136.179 1188.746
428.751 613.507 796.975 877.508 920.294 934.156 938.566 939.444 939.552 939.552 939.552 939.552 939.552 939.552 939.552 939.552 939.552 939.552 939.552 939.552 939.552 939.549 939.324 938.612 938.455 942.068 954.844 984.000 1033.065 1100.148 1178.059 1256.265 1323.021 1372.151 1402.780 1417.822 1421.917 1420.006 1415.110 1408.539 1400.335 1389.614 1375.016 1355.736 1331.976 1304.977 1276.782 1249.497 1224.503 1202.225 1182.279 1163.676 1145.531 1127.637 1110.416 1094.682 1081.512 1071.945 1066.861 1067.469 1075.816 1094.837 1127.709 1176.668 1241.480
428.751 613.507 796.975 877.508 920.294 934.156 938.566 939.444 939.552 939.552 939.552 939.552 939.552 939.552 939.552 939.552 939.552 939.552 939.552 939.552 939.552 939.534 939.128 937.879 936.500 937.718 946.433 969.497 1010.491 1068.137 1136.269 1205.400 1264.776 1308.623 1335.906 1349.066 1352.275 1350.083 1345.312 1339.264 1332.079 1323.008 1310.847 1294.902 1275.357 1253.244 1230.234 1207.985 1187.474 1168.920 1151.978 1135.922 1120.261 1105.167 1091.320 1079.643 1071.198 1066.952 1067.747 1074.833 1090.378 1117.491 1159.458 1218.406 1293.672
428.751 613.507 796.975 877.508 920.294 934.156 938.566 939.444 939.552 939.552 939.552 939.552 939.552 939.552 939.552 939.552 939.552 939.552 939.552 939.552 939.549 939.484 938.785 936.764 933.783 932.091 936.202 952.675 985.231 1033.278 1091.689 1151.980 1204.439 1243.721 1268.632 1281.128 1284.880 1283.884 1280.611 1276.223 1270.871 1263.917 1254.365 1241.691 1226.123 1208.540 1190.283 1172.602 1156.129 1140.913 1126.656 1112.901 1099.520 1087.004 1076.256 1068.284 1064.139 1064.732 1070.902 1083.912 1105.970 1140.160 1189.650 1256.207 1338.611
428.751 613.507 796.975 877.508 920.294 934.156 938.566 939.444 939.552 939.552 939.552 939.552 939.552 939.552 939.552 939.552 939.552 939.552 939.552 939.552 939.535 939.356 938.186 935.056 929.952 924.718 923.663 933.169 957.233 995.976 1045.213 1097.318 1143.586 1179.045 1202.369 1215.099 1220.418 1221.683 1220.926 1219.068 1216.193 1211.744 1204.948 1195.493 1183.681 1170.292 1156.401 1142.906 1130.167 1118.090 1106.426 1094.930 1083.758 1073.647 1065.649 1060.851 1060.324 1064.976 1075.665 1093.660 1121.064 1160.709 1215.359 1286.205 1371.412
428.751 613.507 796.975 877.508 920.294 934.156 938.566 939.444 939.552 939.552 939.552 939.552 939.552 939.552 939.552 939.552 939.552 939.552 939.552 939.549 939.486 939.056 937.116 932.364 924.427 914.903 908.168 910.624 926.661 957.047 998.298 1043.367 1084.385 1116.692 1138.893 1152.262 1159.589 1163.615 1165.904 1167.077 1167.083 1165.411 1161.502 1155.234 1147.012 1137.551 1127.718 1118.151 1109.008 1100.088 1091.158 1082.106 1073.251 1065.454 1059.853 1057.620 1059.906 1067.683 1081.890 1103.748 1135.113 1178.295 1235.381 1306.804 1390.167
428.751 613.507 796.975 877.508 920.294 934.156 938.566 939.444 939.552 939.552 939.552 939.552 939.552 939.552 939.552 939.552 939.552 939.552 939.552 939.536 939.359 938.458 935.314 928.258 916.648 902.105 889.402 885.187 894.294 917.917 952.893 992.389 1029.148 1058.764 1079.917 1093.821 1103.025 1109.746 1115.123 1119.454 1122.509 1123.773 1122.840 1119.759 1115.010 1109.284 1103.305 1097.533 1092.008 1086.451 1080.602 1074.368 1068.096 1062.639 1059.166 1058.944 1063.270 1073.281 1090.031 1114.653 1148.598 1193.409 1250.259 1318.747 1396.057
428.751 613.507 796.975 877.508 920.294 934.156 938.566 939.444 939.552 939.552 939.552 939.552 939.552 939.552 939.552 939.552 939.552 939.552 939.552 939.504 939.110 937.438 932.554 922.433 906.358 886.323 867.819 857.921 861.804 880.713 911.333 946.713 979.995 1007.062 1026.874 1040.816 1051.339 1060.273 1068.403 1075.720 1081.784 1086.014 1088.100 1088.187 1086.822 1084.685 1082.425 1080.419 1078.646 1076.775 1074.466 1071.537 1068.231 1065.273 1063.811 1065.230 1071.049 1082.640 1101.204 1127.740 1163.124 1207.962 1262.369 1325.124 1393.213
428.751 613.507 796.975 877.508 920.294 934.156 938.566 939.444 939.552 939.552 939.552 939.552 939.552 939.552 939.552 939.552 939.552 939.552 939.552 939.446 938.707 935.957 928.832 915.064 894.104 868.678 845.195 831.169 831.844 848.082 875.973 908.286 938.471 962.815 980.779 994.084 1005.181 1015.639 1025.973 1035.894 1044.736 1051.829 1056.884 1060.084 1062.003 1063.331 1064.698 1066.462 1068.603 1070.747 1072.433 1073.311 1073.402 1073.233 1073.896 1076.913 1084.063 1096.998 1117.053 1145.007 1181.056 1224.767 1275.173 1330.364 1387.373
428.751 613.507 796.975 877.508 920.294 934.156 938.566 939.444 939.552 939.552 939.552 939.552 939.552 939.552 939.552 939.552 939.552 939.552 939.552 939.357 938.148 934.085 924.429 906.833 881.198 851.210 824.175 807.860 807.205 822.303 848.424 878.099 905.139 926.405 942.005 954.053 965.009 976.289 988.197 1000.215 1011.475 1021.200 1029.061 1035.232 1040.297 1044.959 1049.859 1055.387 1061.559 1067.966 1073.999 1079.088 1082.984 1085.976 1089.090 1093.999 1102.744 1117.229 1138.845 1168.060 1204.318 1246.163 1291.658 1338.412 1383.767
428.751 613.507 796.975 877.508 920.294 934.156 938.566 939.444 939.552 939.552 939.552 939.552 939.552 939.552 939.552 939.552 939.552 939.552 939.552 939.245 937.509 932.097 920.050 899.119 869.838 836.832 807.998 791.035 790.237 804.754 829.142 855.956 879.509 897.368 910.285 920.679 930.987 942.504 955.390 968.954 982.183 994.200 1004.619 1013.563 1021.597 1029.435 1037.739 1046.960 1057.159 1067.898 1078.433 1087.970 1095.985 1102.536 1108.589 1115.944 1126.853 1143.385 1166.873 1197.370 1233.553 1273.069 1313.243 1351.484 1385.643
428.751 613.507 796.975 877.508 920.294 934.156 938.566 939.444 939.552 939.552 939.552 939.552 939.552 939.552 939.552 939.552 939.552 939.552 939.552 939.137 936.932 930.442 916.675 893.654 862.525 828.532 799.654 783.112 782.385 795.811 817.664 840.911 860.544 874.849 885.058 893.698 903.090 914.429 927.774 942.347 957.053 970.973 983.643 995.130 1005.942 1016.775 1028.309 1041.041 1055.089 1070.012 1084.958 1098.959 1111.255 1121.708 1131.222 1141.676 1155.425 1174.570 1200.242 1231.996 1267.797 1304.608 1339.325 1369.444 1393.454
428.751 613.507 796.975 877.508 920.294 934.156 938.566 939.444 939.552 939.552 939.552 939.552 939.552 939.552 939.552 939.552 939.552 939.552 939.552 939.060 936.562 929.543 915.180 891.838 861.046 828.097 800.446 784.532 783.068 794.047 812.106 831.024 846.567 857.574 865.453 872.571 881.042 891.970 905.365 920.450 936.161 951.573 966.178 979.961 993.355 1006.993 1021.531 1037.502 1055.068 1073.815 1092.854 1111.106 1127.650 1142.199 1155.589 1169.691 1186.827 1208.957 1236.861 1269.553 1304.415 1338.000 1367.120 1389.614 1404.674
428.751 613.507 796.975 877.508 920.294 934.156 938.566 939.444 939.552 939.552 939.552 939.552 939.552 939.552 939.552 939.552 939.552 939.552 939.552 939.033 936.503 929.651 915.984 894.180 865.763 835.418 809.549 793.672 790.016 796.879 809.934 824.080 835.796 844.193 850.465 856.549 864.294 874.717 887.857 903.041 919.322 935.837 952.062 967.905 983.688 999.944 1017.254 1036.145 1056.824 1078.918 1101.571 1123.678 1144.232 1162.848 1180.272 1198.263 1218.952 1243.975 1273.657 1306.491 1339.468 1369.053 1392.302 1407.601 1414.831
