prediction_s2s__medianmodel_07-Feb-2021_5thday.asc
ncols	141
nrows	288
xllcorner	-120191.398
yllcorner	-301404.813
cellsize	2000.000
NODATA_value	-999.250
[rows 140 to 167 of 288, columns 64 to 127 of 141]
764.730 758.639 749.991 737.929 722.278 703.574 682.962 662.080 642.879 627.649 618.960 619.737 633.202 662.637 710.931 779.932 869.361 975.738 1091.346 1205.958 1309.090 1392.886 1454.383 1495.294 1519.659 1531.474 1533.185 1525.586 1510.066 1489.232 1467.030 1447.349 1432.334 1421.762 1413.720 1405.817 1396.578 1385.917 1374.403 1362.649 1351.124 1340.315 1330.902 1323.709 1319.291 1317.555 1317.682 1318.531 1319.233 1319.482 1319.390 1319.231 1319.163 1319.161 1319.161 1319.161 1319.161 1319.161 1319.161 1319.161 1319.161 1319.161 1319.161 1319.161
800.056 795.085 786.823 774.378 757.553 736.944 713.845 690.139 668.053 650.143 639.195 638.287 650.741 679.992 729.188 800.580 894.457 1008.115 1134.336 1262.451 1379.979 1475.440 1541.619 1576.979 1584.875 1571.787 1545.254 1511.724 1476.865 1444.910 1418.895 1400.342 1388.811 1382.329 1378.339 1374.538 1369.691 1363.759 1357.134 1350.209 1343.277 1336.618 1330.613 1325.752 1322.412 1320.598 1319.896 1319.728 1319.659 1319.517 1319.333 1319.200 1319.161 1319.161 1319.161 1319.161 1319.161 1319.161 1319.161 1319.161 1319.161 1319.161 1319.161 1319.161
837.576 834.316 826.908 814.432 796.707 774.434 749.135 722.985 698.501 678.490 665.881 663.811 675.625 704.854 754.918 828.585 926.940 1048.458 1186.986 1331.959 1469.279 1583.672 1662.789 1700.290 1697.115 1660.882 1603.756 1538.568 1476.739 1425.853 1389.340 1366.949 1355.660 1351.289 1350.046 1349.257 1347.662 1345.156 1342.004 1338.482 1334.815 1331.169 1327.749 1324.829 1322.637 1321.214 1320.401 1319.947 1319.655 1319.432 1319.270 1319.182 1319.161 1319.161 1319.161 1319.161 1319.161 1319.161 1319.161 1319.161 1319.161 1319.161 1319.161 1319.161
875.950 874.987 868.869 856.669 838.278 814.583 787.397 759.221 732.872 711.346 697.642 694.881 706.369 735.715 786.617 862.412 965.124 1094.536 1245.875 1409.140 1569.251 1707.689 1806.983 1855.196 1849.286 1796.144 1710.997 1612.498 1518.444 1441.254 1386.436 1353.374 1337.186 1331.545 1331.007 1331.913 1332.468 1332.229 1331.261 1329.778 1328.043 1326.228 1324.464 1322.884 1321.621 1320.715 1320.117 1319.732 1319.479 1319.315 1319.214 1319.169 1319.161 1319.161 1319.161 1319.161 1319.161 1319.161 1319.161 1319.161 1319.161 1319.161 1319.161 1319.161
913.890 915.646 911.101 899.365 880.482 855.592 826.851 797.105 769.419 746.919 732.617 729.559 741.001 770.609 822.349 900.095 1006.760 1143.327 1306.371 1486.709 1668.996 1832.565 1955.743 2021.259 2021.297 1960.292 1854.352 1726.249 1599.432 1491.664 1411.961 1361.120 1333.824 1322.390 1319.760 1320.797 1322.530 1323.747 1324.121 1323.801 1323.150 1322.403 1321.651 1320.952 1320.373 1319.935 1319.632 1319.427 1319.298 1319.220 1319.178 1319.163 1319.161 1319.161 1319.161 1319.161 1319.161 1319.161 1319.161 1319.161 1319.161 1319.161 1319.161 1319.161
950.235 954.886 952.011 940.826 921.584 895.747 865.829 834.975 806.448 783.439 768.923 765.875 777.493 807.505 860.078 939.495 1049.347 1191.465 1363.498 1557.123 1757.363 1942.666 2088.683 2173.962 2186.161 2126.340 2009.487 1860.149 1705.554 1568.064 1460.771 1387.344 1343.801 1322.367 1314.898 1314.580 1316.730 1318.870 1320.061 1320.351 1320.237 1320.038 1319.836 1319.646 1319.488 1319.367 1319.281 1319.224 1319.190 1319.172 1319.163 1319.161 1319.161 1319.161 1319.161 1319.161 1319.161 1319.161 1319.161 1319.161 1319.161 1319.161 1319.161 1319.161
983.983 991.456 990.210 979.604 960.164 933.688 903.011 871.508 842.567 819.388 804.902 802.026 813.949 844.429 897.745 978.364 1090.210 1235.492 1412.478 1613.564 1824.506 2024.065 2186.932 2289.382 2315.898 2264.314 2147.133 1988.115 1815.499 1654.389 1521.535 1424.449 1362.161 1328.297 1314.338 1311.822 1314.007 1316.806 1318.513 1319.083 1319.161 1319.161 1319.161 1319.161 1319.161 1319.161 1319.161 1319.161 1319.161 1319.161 1319.161 1319.161 1319.161 1319.161 1319.161 1319.161 1319.161 1319.161 1319.161 1319.161 1319.161 1319.161 1319.161 1319.161
1014.392 1024.421 1024.661 1014.664 995.239 968.491 937.499 905.784 876.752 853.578 839.172 836.443 848.609 879.437 933.170 1014.222 1126.441 1271.902 1449.003 1650.587 1863.290 2067.020 2237.174 2349.949 2388.656 2348.927 2240.247 2083.420 1904.793 1729.778 1577.750 1460.280 1380.571 1334.804 1314.759 1310.409 1312.862 1316.344 1318.430 1319.083 1319.161 1319.161 1319.161 1319.161 1319.161 1319.161 1319.161 1319.161 1319.161 1319.161 1319.161 1319.161 1319.161 1319.161 1319.161 1319.161 1319.161 1319.161 1319.161 1319.161 1319.161 1319.161 1319.161 1319.161
1041.139 1053.311 1054.854 1045.501 1026.338 999.704 968.820 937.215 908.252 885.063 870.555 867.695 879.759 910.487 963.966 1044.285 1154.845 1297.151 1469.286 1664.250 1869.535 2066.737 2233.292 2347.304 2392.983 2365.124 2270.286 2124.959 1951.418 1773.245 1611.145 1480.462 1388.772 1335.162 1311.923 1307.642 1311.344 1315.865 1318.375 1319.091 1319.161 1319.161 1319.161 1319.161 1319.161 1319.161 1319.161 1319.161 1319.161 1319.161 1319.161 1319.161 1319.161 1319.161 1319.161 1319.161 1319.161 1319.161 1319.161 1319.161 1319.161 1319.161 1319.161 1319.161
1064.380 1078.190 1080.781 1072.077 1053.365 1027.135 996.626 965.277 936.341 912.896 897.885 894.372 905.700 935.543 987.690 1065.710 1172.264 1307.986 1470.320 1652.243 1842.041 2023.299 2176.354 2282.609 2328.731 2309.863 2230.156 2101.372 1940.822 1769.121 1607.204 1473.301 1378.617 1324.446 1303.230 1302.260 1308.893 1315.121 1318.250 1319.078 1319.158 1319.161 1319.161 1319.161 1319.161 1319.161 1319.161 1319.161 1319.161 1319.161 1319.161 1319.161 1319.161 1319.161 1319.161 1319.161 1319.161 1319.161 1319.161 1319.161 1319.161 1319.161 1319.161 1319.161
1084.613 1099.471 1102.784 1094.624 1076.416 1050.686 1020.585 989.389 960.214 936.082 919.996 915.114 924.833 952.696 1002.103 1075.947 1176.001 1301.905 1450.325 1614.126 1782.425 1940.901 2073.261 2164.877 2205.688 2191.922 2125.932 2015.087 1871.915 1713.856 1561.417 1434.561 1346.728 1300.229 1286.999 1293.052 1304.631 1313.558 1317.772 1318.938 1319.125 1319.158 1319.161 1319.161 1319.161 1319.161 1319.161 1319.161 1319.161 1319.161 1319.161 1319.161 1319.161 1319.161 1319.161 1319.161 1319.161 1319.161 1319.161 1319.161 1319.161 1319.161 1319.161 1319.161
1102.415 1117.716 1121.353 1113.498 1095.639 1070.251 1040.332 1008.962 979.118 953.778 935.985 928.961 936.084 960.692 1005.733 1073.383 1164.490 1277.759 1409.161 1551.545 1694.940 1827.180 1935.337 2008.738 2040.578 2028.423 1973.437 1879.578 1755.488 1615.802 1480.076 1368.736 1295.872 1263.664 1263.129 1279.232 1297.616 1310.443 1316.540 1318.511 1319.019 1319.144 1319.161 1319.161 1319.161 1319.161 1319.161 1319.161 1319.161 1319.161 1319.161 1319.161 1319.161 1319.161 1319.161 1319.161 1319.161 1319.161 1319.161 1319.161 1319.161 1319.161 1319.161 1319.161
1118.256 1133.434 1136.951 1129.043 1111.179 1085.753 1055.583 1023.574 992.592 965.563 945.534 935.696 939.297 959.393 998.438 1057.928 1137.907 1236.346 1348.771 1468.258 1585.909 1691.666 1775.710 1830.688 1852.514 1839.919 1793.393 1714.633 1609.628 1490.747 1376.172 1285.590 1232.439 1218.058 1232.584 1260.385 1287.006 1305.045 1314.122 1317.616 1318.786 1319.110 1319.161 1319.161 1319.161 1319.161 1319.161 1319.161 1319.161 1319.161 1319.161 1319.161 1319.161 1319.161 1319.161 1319.161 1319.161 1319.161 1319.161 1319.161 1319.161 1319.161 1319.161 1319.161
1132.375 1146.962 1149.942 1141.549 1123.216 1097.229 1066.280 1033.151 1000.639 971.608 949.018 935.913 935.275 949.782 981.406 1031.055 1098.198 1180.381 1273.055 1369.815 1462.988 1544.522 1607.179 1646.136 1659.202 1645.916 1606.436 1541.202 1454.561 1357.039 1265.077 1196.695 1164.044 1167.543 1196.966 1236.652 1272.379 1296.922 1310.244 1316.134 1318.386 1319.050 1319.161 1319.161 1319.161 1319.161 1319.161 1319.161 1319.161 1319.161 1319.161 1319.161 1319.161 1319.161 1319.161 1319.161 1319.161 1319.161 1319.161 1319.161 1319.161 1319.161 1319.161 1319.161
1144.798 1158.457 1160.541 1151.249 1131.959 1104.891 1072.688 1038.084 1003.838 972.706 947.473 930.888 925.549 933.682 956.802 995.401 1048.630 1113.972 1187.194 1262.703 1334.145 1395.249 1440.789 1467.674 1474.805 1462.132 1429.643 1377.181 1308.018 1231.008 1160.553 1112.579 1097.874 1116.476 1158.598 1209.129 1254.176 1286.241 1304.962 1314.067 1317.816 1318.963 1319.161 1319.161 1319.161 1319.161 1319.161 1319.161 1319.161 1319.161 1319.161 1319.161 1319.161 1319.161 1319.161 1319.161 1319.161 1319.161 1319.161 1319.161 1319.161 1319.161 1319.161 1319.161
1155.366 1167.868 1168.761 1158.196 1137.526 1108.978 1075.213 1038.990 1003.028 969.934 942.201 922.172 911.947 913.282 927.293 954.223 993.184 1041.941 1096.896 1153.480 1206.671 1251.705 1284.827 1303.941 1308.426 1298.315 1273.491 1233.581 1181.059 1123.073 1071.728 1040.733 1039.774 1069.255 1120.679 1180.054 1233.839 1273.807 1298.628 1311.518 1317.085 1318.840 1319.158 1319.161 1319.161 1319.161 1319.161 1319.161 1319.161 1319.161 1319.161 1319.161 1319.161 1319.161 1319.161 1319.161 1319.161 1319.161 1319.161 1319.161 1319.161 1319.161 1319.161 1319.161
1163.670 1174.798 1174.233 1162.084 1139.739 1109.487 1074.083 1036.330 998.898 964.182 934.295 911.075 896.093 890.622 895.470 910.798 935.925 969.138 1007.690 1048.136 1086.693 1119.815 1144.725 1159.829 1164.550 1158.771 1142.277 1114.673 1077.754 1036.967 1001.958 984.263 992.757 1028.825 1085.878 1151.555 1212.748 1260.287 1291.391 1308.410 1316.073 1318.612 1319.126 1319.158 1319.161 1319.161 1319.161 1319.161 1319.161 1319.161 1319.161 1319.161 1319.161 1319.161 1319.161 1319.161 1319.161 1319.161 1319.161 1319.161 1319.161 1319.161 1319.161 1319.161
1168.816 1178.294 1175.993 1162.027 1137.873 1105.930 1069.074 1030.154 991.734 955.937 924.438 898.538 879.273 867.472 863.711 868.208 880.645 899.981 924.414 951.592 978.828 1003.491 1023.431 1037.238 1044.161 1043.832 1035.932 1020.094 997.509 971.977 950.677 943.047 957.298 996.082 1055.088 1124.014 1190.502 1244.538 1281.735 1303.271 1313.637 1317.536 1318.658 1318.963 1319.088 1319.140 1319.158 1319.161 1319.161 1319.161 1319.161 1319.161 1319.161 1319.161 1319.161 1319.161 1319.161 1319.161 1319.161 1319.161 1319.161 1319.161 1319.161 1319.161
1169.347 1176.790 1172.464 1156.564 1130.672 1097.331 1059.522 1020.093 981.449 945.380 913.099 885.376 862.735 845.631 834.468 829.579 831.065 838.601 851.299 867.802 886.355 905.036 922.078 936.102 946.119 951.505 951.830 946.757 936.935 924.669 914.786 914.671 931.792 970.012 1027.418 1096.157 1165.129 1223.985 1266.895 1293.596 1307.842 1314.323 1317.024 1318.223 1318.802 1319.054 1319.144 1319.161 1319.161 1319.161 1319.161 1319.161 1319.161 1319.161 1319.161 1319.161 1319.161 1319.161 1319.161 1319.161 1319.161 1319.161 1319.161 1319.161
1163.312 1168.295 1161.745 1143.967 1116.685 1082.561 1044.633 1005.685 967.911 932.735 900.892 872.646 848.068 827.280 810.547 798.302 791.030 789.024 792.210 800.105 811.742 825.790 840.774 855.322 868.259 878.745 886.248 890.434 891.478 890.403 889.912 895.365 913.270 948.370 1001.055 1066.191 1134.574 1196.272 1244.423 1277.169 1296.946 1307.792 1313.537 1316.606 1318.168 1318.871 1319.115 1319.161 1319.161 1319.161 1319.161 1319.161 1319.161 1319.161 1319.161 1319.161 1319.161 1319.161 1319.161 1319.161 1319.161 1319.161 1319.161 1319.161
1148.705 1150.919 1142.162 1122.884 1094.913 1060.978 1024.100 986.947 951.454 918.656 888.835 861.800 837.214 814.888 794.936 777.810 764.230 754.960 750.568 751.314 756.944 766.681 779.367 793.718 808.467 822.656 835.662 847.107 856.780 864.680 871.692 881.251 898.666 929.059 974.756 1033.443 1098.301 1160.607 1213.100 1252.408 1279.169 1296.167 1306.569 1312.719 1316.083 1317.755 1318.499 1318.818 1318.988 1319.089 1319.140 1319.158 1319.161 1319.161 1319.161 1319.161 1319.161 1319.161 1319.161 1319.161 1319.161 1319.161 1319.161 1319.161
1124.164 1123.591 1113.012 1093.000 1065.413 1032.963 998.571 964.736 933.111 904.362 878.362 854.528 832.170 810.795 790.290 770.996 753.660 739.297 728.940 723.477 723.320 728.289 737.640 750.313 765.099 781.029 797.424 813.836 829.741 844.372 857.167 869.832 886.319 911.558 949.192 999.427 1058.080 1118.272 1173.151 1218.280 1252.408 1276.662 1293.113 1303.694 1310.062 1313.751 1315.897 1317.232 1318.132 1318.707 1319.007 1319.126 1319.158 1319.161 1319.161 1319.161 1319.161 1319.161 1319.161 1319.161 1319.161 1319.161 1319.161 1319.161
1089.705 1086.722 1075.091 1055.430 1029.544 1000.016 969.603 940.591 914.361 891.269 870.862 852.236 834.393 816.516 798.169 779.391 760.746 743.272 728.284 717.191 711.075 710.409 715.000 724.177 736.945 752.443 769.993 789.060 808.877 828.141 845.279 860.570 876.582 897.538 927.598 968.725 1019.168 1074.264 1128.363 1176.740 1216.755 1247.831 1270.693 1286.588 1297.161 1304.233 1309.197 1312.886 1315.637 1317.480 1318.516 1318.975 1319.126 1319.158 1319.161 1319.161 1319.161 1319.161 1319.161 1319.161 1319.161 1319.161 1319.161 1319.161
1046.954 1042.287 1030.619 1012.528 989.654 964.370 939.199 916.212 896.574 880.416 867.052 855.364 844.065 831.980 818.231 802.389 784.613 765.763 747.286 731.031 718.730 711.590 710.091 714.089 722.960 736.045 752.719 772.364 794.019 816.067 836.360 854.167 870.799 889.404 913.778 946.598 987.909 1035.288 1084.903 1132.703 1175.471 1211.313 1239.594 1260.701 1276.059 1287.605 1296.826 1304.438 1310.494 1314.780 1317.328 1318.563 1319.026 1319.144 1319.161 1319.161 1319.161 1319.161 1319.161 1319.161 1319.161 1319.161 1319.161 1319.161
998.923 993.439 982.726 967.252 948.411 928.289 909.151 892.868 880.461 871.956 866.558 863.005 859.755 855.230 848.007 837.047 821.933 803.203 782.305 761.448 743.004 728.951 720.525 718.230 721.894 731.126 745.359 763.891 785.628 808.824 831.180 851.430 869.902 888.490 909.844 936.330 968.913 1007.105 1049.233 1092.768 1134.738 1172.423 1204.003 1228.994 1248.538 1264.629 1278.805 1291.498 1302.207 1310.158 1315.163 1317.753 1318.804 1319.111 1319.161 1319.161 1319.161 1319.161 1319.161 1319.161 1319.161 1319.161 1319.161 1319.161
949.312 943.737 934.661 922.401 908.058 893.421 880.483 870.961 865.820 865.091 867.969 873.111 878.735 882.817 883.332 878.548 867.421 850.052 827.815 803.194 779.135 758.386 742.979 734.090 732.037 736.680 747.492 763.666 784.020 806.874 830.134 852.452 873.544 894.092 915.183 938.045 963.795 993.327 1027.057 1064.316 1102.912 1139.683 1171.875 1198.246 1219.804 1238.845 1257.145 1274.885 1290.843 1303.387 1311.751 1316.358 1318.385 1319.034 1319.158 1319.161 1319.161 1319.161 1319.161 1319.161 1319.161 1319.161 1319.161 1319.161
901.601 896.299 889.037 879.980 869.977 860.518 853.369 850.128 851.774 858.420 869.310 883.052 897.618 910.547 919.202 921.187 914.838 899.818 877.360 850.141 821.585 795.131 773.537 758.616 751.130 751.124 758.057 771.019 788.798 809.949 832.866 856.491 880.301 903.978 927.047 949.280 971.361 994.958 1022.049 1053.565 1088.111 1122.237 1152.387 1176.916 1197.036 1215.769 1235.626 1256.850 1277.498 1294.846 1307.146 1314.340 1317.724 1318.898 1319.147 1319.161 1319.161 1319.161 1319.161 1319.161 1319.161 1319.161 1319.161 1319.161
858.298 853.204 847.420 841.027 834.675 829.629 827.452 829.656 837.252 850.458 868.587 890.195 913.033 934.245 950.674 959.363 958.121 946.218 924.720 896.382 864.978 834.473 808.214 788.518 776.472 772.233 775.203 784.400 798.693 816.998 838.369 862.292 888.277 915.359 941.795 966.073 988.191 1009.991 1034.244 1062.769 1094.503 1125.640 1151.986 1171.722 1186.681 1201.134 1218.872 1240.716 1264.288 1285.692 1301.872 1311.896 1316.871 1318.705 1319.128 1319.161 1319.161 1319.161 1319.161 1319.161 1319.161 1319.161 1319.161 1319.161
