prediction_s2s__medianmodel_07-Feb-2021_4thday.asc
ncols	141
nrows	288
xllcorner	-120191.398
yllcorner	-301404.813
cellsize	2000.000
NODATA_value	-999.250
[rows 252 to 279 of 288, columns 63 to 125 of 141]
1066.955 1054.461 1042.018 1031.724 1024.973 1022.148 1022.454 1024.124 1024.775 1022.109 1014.789 1003.400 990.508 979.962 975.645 980.136 994.279 1016.972 1044.678 1071.907 1092.439 1101.871 1100.269 1093.299 1090.094 1098.144 1119.662 1150.617 1183.147 1209.634 1226.682 1235.040 1237.886 1238.373 1238.257 1238.153 1238.145 1238.145 1238.145 1238.145 1238.145 1238.145 1238.145 1238.145 1238.145 1238.145 1238.145 1238.145 1238.145 1238.145 1238.145 1238.145 1238.145 1238.145 1238.145 1238.145 1238.145 1238.145 1238.145 1238.145 1238.145 1238.145 1238.145
1056.586 1041.716 1026.891 1014.656 1006.631 1003.198 1003.454 1005.519 1006.945 1005.408 999.584 990.011 979.090 970.491 967.999 974.253 990.360 1015.538 1046.248 1076.485 1099.000 1108.557 1105.230 1095.639 1090.146 1097.076 1118.769 1150.616 1183.916 1210.566 1227.307 1235.264 1237.874 1238.305 1238.219 1238.147 1238.145 1238.145 1238.145 1238.145 1238.145 1238.145 1238.145 1238.145 1238.145 1238.145 1238.145 1238.145 1238.145 1238.145 1238.145 1238.145 1238.145 1238.145 1238.145 1238.145 1238.145 1238.145 1238.145 1238.145 1238.145 1238.145 1238.145
1042.716 1026.789 1011.113 998.404 990.304 987.099 987.756 990.302 992.286 991.467 986.639 978.387 969.024 962.049 961.104 968.774 986.308 1013.104 1045.740 1078.000 1102.071 1112.116 1107.965 1096.469 1088.544 1093.270 1113.609 1145.186 1179.127 1206.940 1224.957 1233.985 1237.324 1238.136 1238.184 1238.145 1238.145 1238.145 1238.145 1238.145 1238.145 1238.145 1238.145 1238.145 1238.145 1238.145 1238.145 1238.145 1238.145 1238.145 1238.145 1238.145 1238.145 1238.145 1238.145 1238.145 1238.145 1238.145 1238.145 1238.145 1238.145 1238.145 1238.145
1028.791 1013.092 997.799 985.541 977.870 974.971 975.757 978.288 980.221 979.508 975.152 967.816 959.701 954.078 954.336 962.896 981.004 1008.189 1041.324 1074.481 1099.889 1111.398 1108.216 1096.507 1086.870 1088.901 1106.564 1136.561 1170.618 1200.101 1220.444 1231.604 1236.389 1237.895 1238.151 1238.145 1238.145 1238.145 1238.145 1238.145 1238.145 1238.145 1238.145 1238.145 1238.145 1238.145 1238.145 1238.145 1238.145 1238.145 1238.145 1238.145 1238.145 1238.145 1238.145 1238.145 1238.145 1238.145 1238.145 1238.145 1238.145 1238.145 1238.145
1018.128 1003.524 989.184 977.519 969.993 966.804 966.958 968.693 969.903 968.813 964.639 958.064 951.085 946.626 947.699 956.482 974.143 1000.368 1032.585 1065.665 1092.498 1106.901 1107.033 1097.450 1087.479 1086.811 1100.663 1127.578 1160.685 1191.588 1214.623 1228.472 1235.140 1237.567 1238.107 1238.145 1238.145 1238.145 1238.145 1238.145 1238.145 1238.145 1238.145 1238.145 1238.145 1238.145 1238.145 1238.145 1238.145 1238.145 1238.145 1238.145 1238.145 1238.145 1238.145 1238.145 1238.145 1238.145 1238.145 1238.145 1238.145 1238.145 1238.145
1012.578 999.298 985.745 974.150 965.982 961.626 960.331 960.633 960.741 959.157 955.245 949.576 943.807 940.386 941.875 950.192 966.453 990.595 1020.830 1053.247 1081.861 1100.652 1106.399 1101.301 1092.581 1089.491 1098.597 1120.871 1151.528 1182.905 1208.319 1224.927 1233.655 1237.151 1238.043 1238.145 1238.145 1238.145 1238.145 1238.145 1238.145 1238.145 1238.145 1238.145 1238.145 1238.145 1238.145 1238.145 1238.145 1238.145 1238.145 1238.145 1238.145 1238.145 1238.145 1238.145 1238.145 1238.145 1238.145 1238.145 1238.145 1238.145 1238.145
1012.113 999.747 986.302 973.967 964.385 958.221 955.064 953.785 952.908 951.145 947.892 943.480 939.088 936.616 938.170 945.477 959.703 981.156 1008.950 1040.566 1071.366 1095.618 1108.568 1109.658 1103.437 1098.233 1101.881 1118.092 1144.660 1175.155 1202.170 1221.244 1232.008 1236.646 1237.958 1238.145 1238.145 1238.145 1238.145 1238.145 1238.145 1238.145 1238.145 1238.145 1238.145 1238.145 1238.145 1238.145 1238.145 1238.145 1238.145 1238.145 1238.145 1238.145 1238.145 1238.145 1238.145 1238.145 1238.145 1238.145 1238.145 1238.145 1238.145
1015.531 1003.370 989.327 975.697 964.388 956.384 951.566 949.089 947.729 946.330 944.230 941.407 938.510 936.875 938.234 944.248 956.265 975.045 1000.563 1031.620 1064.882 1094.932 1115.571 1123.452 1120.266 1113.066 1110.775 1119.830 1140.858 1169.040 1196.650 1217.662 1230.290 1236.081 1237.857 1238.145 1238.145 1238.145 1238.145 1238.145 1238.145 1238.145 1238.145 1238.145 1238.145 1238.145 1238.145 1238.145 1238.145 1238.145 1238.145 1238.145 1238.145 1238.145 1238.145 1238.145 1238.145 1238.145 1238.145 1238.145 1238.145 1238.145 1238.145
1021.144 1008.711 993.849 979.040 966.420 957.186 951.396 948.399 947.171 946.644 946.034 944.958 943.527 942.575 943.577 948.265 958.296 974.907 998.771 1029.713 1065.466 1100.881 1128.585 1142.733 1142.311 1132.944 1124.407 1125.638 1140.102 1164.777 1192.014 1214.379 1228.613 1235.498 1237.753 1238.145 1238.145 1238.145 1238.145 1238.145 1238.145 1238.145 1238.145 1238.145 1238.145 1238.145 1238.145 1238.145 1238.145 1238.145 1238.145 1238.145 1238.145 1238.145 1238.145 1238.145 1238.145 1238.145 1238.145 1238.145 1238.145 1238.145 1238.145
1027.642 1015.092 999.990 984.907 972.026 962.567 956.660 953.786 953.117 953.679 954.599 955.149 954.959 954.457 954.985 958.470 966.967 982.163 1005.181 1036.487 1074.504 1114.277 1147.602 1166.613 1168.026 1156.073 1141.139 1134.318 1141.714 1162.118 1188.224 1211.434 1227.018 1234.919 1237.645 1238.142 1238.145 1238.145 1238.145 1238.145 1238.145 1238.145 1238.145 1238.145 1238.145 1238.145 1238.145 1238.145 1238.145 1238.145 1238.145 1238.145 1238.145 1238.145 1238.145 1238.145 1238.145 1238.145 1238.145 1238.145 1238.145 1238.145 1238.145
1035.079 1023.233 1009.110 995.132 983.276 974.613 969.257 966.837 966.766 968.238 970.340 972.080 972.690 972.306 972.237 974.695 982.169 996.715 1019.654 1051.682 1091.552 1134.386 1171.491 1193.537 1195.506 1180.433 1159.105 1144.382 1144.703 1160.523 1185.035 1208.722 1225.464 1234.314 1237.512 1238.129 1238.145 1238.145 1238.145 1238.145 1238.145 1238.145 1238.145 1238.145 1238.145 1238.145 1238.145 1238.145 1238.145 1238.145 1238.145 1238.145 1238.145 1238.145 1238.145 1238.145 1238.145 1238.145 1238.145 1238.145 1238.145 1238.145 1238.145
1044.592 1034.687 1022.997 1011.497 1001.723 994.484 989.891 987.788 987.902 989.684 992.263 994.482 995.291 994.618 993.848 995.486 1002.412 1016.949 1040.406 1073.377 1114.631 1159.276 1198.408 1221.744 1223.063 1204.455 1176.931 1154.748 1148.306 1159.526 1182.170 1206.067 1223.828 1233.608 1237.321 1238.099 1238.145 1238.145 1238.145 1238.145 1238.145 1238.145 1238.145 1238.145 1238.145 1238.145 1238.145 1238.145 1238.145 1238.145 1238.145 1238.145 1238.145 1238.145 1238.145 1238.145 1238.145 1238.145 1238.145 1238.145 1238.145 1238.145 1238.145
1057.296 1050.459 1042.327 1034.163 1026.944 1021.196 1017.097 1014.773 1014.358 1015.605 1017.779 1019.660 1020.040 1018.750 1017.259 1018.342 1025.172 1040.219 1064.607 1098.621 1140.865 1186.402 1226.327 1249.823 1249.870 1227.797 1194.604 1165.566 1152.694 1159.252 1179.671 1203.434 1222.045 1232.741 1237.039 1238.044 1238.145 1238.145 1238.145 1238.145 1238.145 1238.145 1238.145 1238.145 1238.145 1238.145 1238.145 1238.145 1238.145 1238.145 1238.145 1238.145 1238.145 1238.145 1238.145 1238.145 1238.145 1238.145 1238.145 1238.145 1238.145 1238.145 1238.145
1073.807 1070.501 1066.174 1061.311 1056.338 1051.583 1047.361 1044.141 1042.433 1042.329 1043.264 1044.073 1043.521 1041.446 1039.413 1040.368 1047.613 1063.610 1089.231 1124.347 1167.354 1213.339 1253.585 1277.063 1276.169 1251.420 1213.446 1178.131 1158.836 1160.237 1177.697 1200.741 1219.955 1231.593 1236.605 1237.948 1238.142 1238.145 1238.145 1238.145 1238.145 1238.145 1238.145 1238.145 1238.145 1238.145 1238.145 1238.145 1238.145 1238.145 1238.145 1238.145 1238.145 1238.145 1238.145 1238.145 1238.145 1238.145 1238.145 1238.145 1238.145 1238.145 1238.145
1094.013 1093.722 1092.359 1089.772 1086.002 1081.318 1076.226 1071.483 1067.906 1065.853 1064.960 1064.216 1062.511 1059.777 1057.656 1059.113 1067.381 1084.747 1111.796 1148.039 1191.764 1238.259 1279.183 1303.495 1302.956 1277.009 1235.413 1194.225 1168.025 1163.193 1176.478 1197.919 1217.397 1230.027 1235.945 1237.782 1238.129 1238.145 1238.145 1238.145 1238.145 1238.145 1238.145 1238.145 1238.145 1238.145 1238.145 1238.145 1238.145 1238.145 1238.145 1238.145 1238.145 1238.145 1238.145 1238.145 1238.145 1238.145 1238.145 1238.145 1238.145 1238.145 1238.145
1116.802 1118.161 1118.067 1116.029 1111.968 1106.232 1099.518 1092.776 1086.987 1082.690 1079.731 1077.345 1074.671 1071.801 1070.370 1073.162 1083.124 1102.221 1130.793 1168.133 1212.661 1260.123 1302.697 1329.417 1331.180 1305.894 1261.885 1214.969 1180.973 1168.428 1176.038 1194.836 1214.205 1227.914 1234.983 1237.516 1238.096 1238.145 1238.145 1238.145 1238.145 1238.145 1238.145 1238.145 1238.145 1238.145 1238.145 1238.145 1238.145 1238.145 1238.145 1238.145 1238.145 1238.145 1238.145 1238.145 1238.145 1238.145 1238.145 1238.145 1238.145 1238.145 1238.145
1140.631 1141.759 1140.803 1137.304 1131.342 1123.458 1114.497 1105.466 1097.376 1090.852 1085.961 1082.245 1079.189 1077.043 1077.307 1082.379 1094.682 1115.777 1145.840 1184.201 1229.672 1278.730 1324.185 1355.128 1361.276 1338.542 1293.317 1240.813 1198.143 1176.427 1176.860 1191.905 1210.663 1225.406 1233.772 1237.153 1238.042 1238.145 1238.145 1238.145 1238.145 1238.145 1238.145 1238.145 1238.145 1238.145 1238.145 1238.145 1238.145 1238.145 1238.145 1238.145 1238.145 1238.145 1238.145 1238.145 1238.145 1238.145 1238.145 1238.145 1238.145 1238.145 1238.145
1164.426 1163.379 1159.475 1152.643 1143.349 1132.391 1120.700 1109.228 1098.879 1090.325 1083.843 1079.374 1076.762 1076.375 1079.426 1087.678 1102.875 1126.109 1157.551 1196.806 1243.336 1294.517 1343.835 1380.362 1392.466 1373.797 1328.482 1270.848 1219.231 1187.511 1179.692 1189.972 1207.453 1222.911 1232.496 1236.740 1237.974 1238.145 1238.145 1238.145 1238.145 1238.145 1238.145 1238.145 1238.145 1238.145 1238.145 1238.145 1238.145 1238.145 1238.145 1238.145 1238.145 1238.145 1238.145 1238.145 1238.145 1238.145 1238.145 1238.145 1238.145 1238.145 1238.145
1187.592 1182.820 1174.393 1162.868 1149.229 1134.557 1119.803 1105.774 1093.234 1082.852 1075.185 1070.595 1069.283 1071.633 1078.383 1090.494 1108.905 1134.275 1166.899 1206.892 1254.470 1307.927 1361.345 1403.777 1422.312 1408.443 1364.065 1302.432 1242.783 1201.469 1185.224 1190.103 1205.507 1221.039 1231.441 1236.378 1237.906 1238.145 1238.145 1238.145 1238.145 1238.145 1238.145 1238.145 1238.145 1238.145 1238.145 1238.145 1238.145 1238.145 1238.145 1238.145 1238.145 1238.145 1238.145 1238.145 1238.145 1238.145 1238.145 1238.145 1238.145 1238.145 1238.145
1209.722 1200.354 1186.622 1169.793 1151.394 1132.762 1114.815 1098.191 1083.481 1071.393 1062.804 1058.520 1059.077 1064.758 1075.704 1091.959 1113.626 1141.001 1174.609 1215.176 1263.581 1318.863 1375.579 1422.847 1446.943 1437.730 1395.256 1331.585 1266.254 1217.261 1193.582 1193.014 1205.614 1220.338 1230.893 1236.158 1237.862 1238.145 1238.145 1238.145 1238.145 1238.145 1238.145 1238.145 1238.145 1238.145 1238.145 1238.145 1238.145 1238.145 1238.145 1238.145 1238.145 1238.145 1238.145 1238.145 1238.145 1238.145 1238.145 1238.145 1238.145 1238.145 1238.145
1230.620 1216.499 1197.472 1175.470 1152.501 1130.102 1109.126 1090.013 1073.197 1059.418 1049.906 1045.958 1048.399 1057.385 1072.411 1092.604 1117.291 1146.464 1180.898 1221.831 1270.551 1326.474 1384.531 1434.191 1461.716 1456.281 1416.730 1353.840 1286.530 1233.245 1204.303 1198.927 1208.184 1221.152 1231.040 1236.157 1237.856 1238.145 1238.145 1238.145 1238.145 1238.145 1238.145 1238.145 1238.145 1238.145 1238.145 1238.145 1238.145 1238.145 1238.145 1238.145 1238.145 1238.145 1238.145 1238.145 1238.145 1238.145 1238.145 1238.145 1238.145 1238.145 1238.145
1250.224 1231.797 1208.135 1181.678 1154.821 1129.234 1105.681 1084.392 1065.610 1050.102 1039.441 1035.416 1039.156 1050.733 1069.066 1092.477 1119.655 1150.302 1185.328 1226.254 1274.358 1329.093 1385.707 1434.443 1462.528 1459.568 1423.958 1365.094 1300.267 1246.993 1215.833 1207.004 1212.860 1223.371 1231.871 1236.382 1237.893 1238.145 1238.145 1238.145 1238.145 1238.145 1238.145 1238.145 1238.145 1238.145 1238.145 1238.145 1238.145 1238.145 1238.145 1238.145 1238.145 1238.145 1238.145 1238.145 1238.145 1238.145 1238.145 1238.145 1238.145 1238.145 1238.145
1268.299 1246.453 1219.241 1189.449 1159.724 1131.827 1106.409 1083.462 1063.002 1045.772 1033.623 1028.787 1032.752 1045.607 1065.887 1091.345 1120.153 1151.736 1186.933 1227.215 1273.472 1324.915 1377.128 1421.626 1447.499 1445.786 1415.079 1363.318 1305.301 1256.386 1226.317 1215.823 1218.742 1226.526 1233.188 1236.779 1237.964 1238.145 1238.145 1238.145 1238.145 1238.145 1238.145 1238.145 1238.145 1238.145 1238.145 1238.145 1238.145 1238.145 1238.145 1238.145 1238.145 1238.145 1238.145 1238.145 1238.145 1238.145 1238.145 1238.145 1238.145 1238.145 1238.145
1284.462 1260.324 1230.859 1199.027 1167.599 1138.398 1111.945 1087.985 1066.260 1047.400 1033.416 1026.916 1029.785 1042.291 1062.856 1088.926 1118.323 1150.169 1185.000 1223.888 1267.105 1313.437 1358.949 1396.796 1418.530 1417.288 1392.242 1349.842 1301.844 1260.645 1234.412 1224.027 1224.794 1229.985 1234.703 1237.249 1238.046 1238.145 1238.145 1238.145 1238.145 1238.145 1238.145 1238.145 1238.145 1238.145 1238.145 1238.145 1238.145 1238.145 1238.145 1238.145 1238.145 1238.145 1238.145 1238.145 1238.145 1238.145 1238.145 1238.145 1238.145 1238.145 1238.145
1298.311 1273.089 1242.667 1210.028 1178.008 1148.425 1121.702 1097.351 1074.832 1054.568 1038.594 1029.766 1030.363 1040.981 1060.205 1085.459 1114.417 1145.868 1179.872 1216.836 1256.268 1296.535 1334.270 1364.408 1381.157 1379.993 1360.864 1328.706 1292.173 1260.443 1239.693 1230.693 1230.142 1233.167 1236.124 1237.689 1238.121 1238.145 1238.145 1238.145 1238.145 1238.145 1238.145 1238.145 1238.145 1238.145 1238.145 1238.145 1238.145 1238.145 1238.145 1238.145 1238.145 1238.145 1238.145 1238.145 1238.145 1238.145 1238.145 1238.145 1238.145 1238.145 1238.145
1309.232 1284.263 1254.196 1221.916 1190.237 1160.983 1134.540 1110.252 1087.349 1066.018 1048.160 1036.720 1034.297 1041.915 1058.557 1081.920 1109.686 1140.360 1173.376 1208.305 1243.908 1278.178 1308.337 1331.049 1342.970 1341.770 1328.073 1305.514 1279.943 1257.542 1242.538 1235.498 1234.295 1235.703 1237.253 1238.027 1238.175 1238.145 1238.145 1238.145 1238.145 1238.145 1238.145 1238.145 1238.145 1238.145 1238.145 1238.145 1238.145 1238.145 1238.145 1238.145 1238.145 1238.145 1238.145 1238.145 1238.145 1238.145 1238.145 1238.145 1238.145 1238.145 1238.145
1316.338 1293.157 1264.883 1234.149 1203.660 1175.260 1149.389 1125.378 1102.335 1080.249 1060.783 1046.821 1041.182 1045.339 1058.873 1079.967 1106.440 1136.472 1168.753 1201.892 1233.958 1262.743 1286.115 1302.278 1309.977 1308.625 1299.345 1284.645 1268.157 1253.604 1243.598 1238.502 1237.097 1237.426 1237.996 1238.232 1238.201 1238.145 1238.145 1238.145 1238.145 1238.145 1238.145 1238.145 1238.145 1238.145 1238.145 1238.145 1238.145 1238.145 1238.145 1238.145 1238.145 1238.145 1238.145 1238.145 1238.145 1238.145 1238.145 1238.145 1238.145 1238.145 1238.145
1318.941 1299.161 1274.222 1246.292 1217.835 1190.704 1165.505 1141.743 1118.586 1095.925 1075.199 1059.130 1050.676 1051.768 1062.641 1082.016 1107.804 1137.740 1169.589 1201.019 1229.616 1253.238 1270.541 1281.111 1285.231 1283.516 1277.303 1268.242 1258.340 1249.580 1243.377 1239.932 1238.613 1238.359 1238.374 1238.313 1238.203 1238.145 1238.145 1238.145 1238.145 1238.145 1238.145 1238.145 1238.145 1238.145 1238.145 1238.145 1238.145 1238.145 1238.145 1238.145 1238.145 1238.145 1238.145 1238.145 1238.145 1238.145 1238.145 1238.145 1238.145 1238.145 1238.145
