prediction_s2s__medianmodel_07-Feb-2021_1stday.asc
ncols	141
nrows	288
xllcorner	-120191.398
yllcorner	-301404.813
cellsize	2000.000
NODATA_value	-999.250
[rows 28 to 55 of 288, columns 0 to 64 of 141]
253.338 363.901 471.192 517.821 541.424 548.872 550.948 551.247 551.247 551.247 551.247 551.247 551.247 551.247 551.247 551.247 551.247 551.247 551.247 551.247 551.247 550.970 550.299 549.096 548.901 553.853 569.988 603.669 658.220 731.180 814.353 896.822 968.126 1023.157 1062.461 1090.224 1111.429 1129.660 1145.844 1159.109 1167.938 1170.940 1167.180 1156.167 1137.892 1113.139 1083.628 1052.009 1021.658 996.010 977.929 969.318 970.780 981.346 998.793 1020.016 1041.501 1059.949 1073.021 1079.533 1079.455 1073.825 1064.516 1053.926 1044.774
253.338 363.901 471.192 517.821 541.424 548.872 550.948 551.247 551.247 551.247 551.247 551.247 551.247 551.247 551.247 551.247 551.247 551.247 551.247 551.247 551.247 551.090 550.651 549.398 548.098 550.200 561.596 589.504 639.009 709.480 793.818 880.957 959.132 1021.370 1066.855 1099.003 1122.595 1141.305 1156.231 1166.586 1171.056 1168.604 1158.892 1142.176 1119.238 1091.500 1061.085 1030.675 1003.340 981.955 968.732 964.930 970.638 984.545 1004.244 1026.601 1048.194 1065.920 1077.642 1082.373 1080.264 1072.555 1061.336 1049.291 1039.404
253.338 363.901 471.192 517.821 541.424 548.872 550.948 551.247 551.247 551.247 551.247 551.247 551.247 551.247 551.247 551.247 551.247 551.247 551.247 551.247 551.247 551.170 550.922 549.801 547.962 548.248 556.306 579.807 625.228 693.607 778.976 870.393 955.175 1024.551 1076.237 1112.751 1138.546 1157.361 1170.561 1177.599 1177.463 1169.562 1154.172 1132.287 1105.400 1075.495 1044.983 1016.475 992.602 975.542 966.723 966.694 975.061 990.331 1010.153 1031.599 1051.542 1067.167 1076.539 1078.818 1074.278 1064.307 1051.180 1037.821 1027.435
253.338 363.901 471.192 517.821 541.424 548.872 550.948 551.247 551.247 551.247 551.247 551.247 551.247 551.247 551.247 551.247 551.247 551.247 551.247 551.247 551.247 551.217 551.102 550.203 548.205 547.404 553.142 573.258 615.308 681.857 768.084 863.342 954.315 1030.503 1088.102 1128.660 1156.264 1174.733 1185.827 1189.355 1184.705 1171.756 1151.389 1125.262 1095.466 1064.407 1034.651 1008.634 988.441 975.473 970.310 972.784 982.093 996.751 1014.688 1033.433 1050.313 1062.869 1069.343 1068.967 1062.039 1050.013 1035.282 1020.942 1010.338
253.338 363.901 471.192 517.821 541.424 548.872 550.948 551.247 551.247 551.247 551.247 551.247 551.247 551.247 551.247 551.247 551.247 551.247 551.247 551.247 551.247 551.240 551.200 550.541 548.591 547.159 551.262 568.734 607.958 672.858 759.714 858.247 954.719 1037.034 1099.912 1143.945 1172.866 1190.603 1199.388 1199.490 1190.748 1173.530 1149.277 1120.180 1088.782 1057.730 1029.596 1006.509 989.945 980.512 977.970 981.519 990.080 1002.352 1016.768 1031.491 1044.422 1053.472 1056.993 1054.184 1045.266 1031.661 1015.801 1000.868 990.255
253.338 363.901 471.192 517.821 541.424 548.872 550.948 551.247 551.247 551.247 551.247 551.247 551.247 551.247 551.247 551.247 551.247 551.247 551.247 551.247 551.247 551.247 551.240 550.793 548.984 547.191 550.110 565.465 602.239 665.513 752.590 853.608 954.586 1042.082 1109.440 1156.333 1186.148 1202.926 1209.405 1206.389 1194.227 1173.773 1146.944 1116.337 1084.741 1054.863 1029.093 1009.147 995.855 989.083 987.906 991.051 997.363 1005.905 1015.753 1025.798 1034.540 1040.204 1041.162 1036.470 1026.177 1011.603 995.129 979.943 969.398
253.338 363.901 471.192 517.821 541.424 548.872 550.948 551.247 551.247 551.247 551.247 551.247 551.247 551.247 551.247 551.247 551.247 551.247 551.247 551.247 551.247 551.247 551.247 550.967 549.326 547.330 549.366 562.994 597.573 659.137 745.924 848.537 952.902 1044.546 1115.542 1164.706 1195.057 1210.737 1215.012 1209.297 1194.483 1171.900 1143.836 1113.118 1082.603 1054.844 1031.890 1014.958 1004.250 999.013 997.838 999.233 1002.173 1006.226 1011.180 1016.629 1021.586 1024.483 1023.611 1017.792 1006.851 991.946 975.366 960.207 949.704
253.338 363.901 471.192 517.821 541.424 548.872 550.948 551.247 551.247 551.247 551.247 551.247 551.247 551.247 551.247 551.247 551.247 551.247 551.247 551.247 551.247 551.247 551.247 551.089 549.611 547.502 548.861 561.062 593.657 653.446 739.509 842.936 949.670 1044.486 1118.296 1169.102 1199.564 1213.962 1216.109 1208.114 1191.414 1167.763 1139.678 1110.026 1081.525 1056.417 1036.284 1021.819 1012.675 1007.673 1005.181 1003.761 1002.719 1002.211 1002.689 1004.317 1006.441 1007.555 1005.775 999.659 988.801 974.175 957.941 943.039 932.502
253.338 363.901 471.192 517.821 541.424 548.872 550.948 551.247 551.247 551.247 551.247 551.247 551.247 551.247 551.247 551.247 551.247 551.247 551.247 551.247 551.247 551.247 551.247 551.170 549.835 547.675 548.517 559.540 590.352 648.362 733.406 837.070 945.356 1042.499 1118.341 1170.123 1200.192 1213.042 1213.090 1203.189 1185.303 1161.502 1134.345 1106.544 1080.506 1058.038 1040.221 1027.256 1018.411 1012.313 1007.378 1002.480 997.415 992.915 989.962 989.060 989.672 990.188 988.495 982.892 972.776 958.964 943.460 928.992 918.349
253.338 363.901 471.192 517.821 541.424 548.872 550.948 551.247 551.247 551.247 551.247 551.247 551.247 551.247 551.247 551.247 551.247 551.247 551.247 551.247 551.247 551.247 551.247 551.217 550.011 547.847 548.292 558.318 587.496 643.722 727.522 830.974 940.164 1038.913 1116.055 1168.137 1197.283 1208.290 1206.258 1194.801 1176.348 1153.118 1127.513 1101.902 1078.245 1057.878 1041.422 1028.717 1018.835 1010.459 1002.310 993.764 985.180 977.782 972.863 971.005 971.554 972.662 971.974 967.586 958.772 946.220 931.775 917.922 907.155
253.338 363.901 471.192 517.821 541.424 548.872 550.948 551.247 551.247 551.247 551.247 551.247 551.247 551.247 551.247 551.247 551.247 551.247 551.247 551.247 551.247 551.247 551.247 551.240 550.152 548.038 548.207 557.418 585.124 639.584 721.936 824.734 934.164 1033.747 1111.421 1163.112 1190.818 1199.737 1195.681 1183.015 1164.516 1142.373 1118.630 1095.156 1073.384 1054.208 1037.903 1024.132 1012.001 1000.477 988.785 976.903 965.734 956.846 951.590 950.372 952.218 954.962 956.025 953.398 946.308 935.366 922.260 909.201 898.378
253.338 363.901 471.192 517.821 541.424 548.872 550.948 551.247 551.247 551.247 551.247 551.247 551.247 551.247 551.247 551.247 551.247 551.247 551.247 551.247 551.247 551.247 551.247 551.247 550.278 548.268 548.258 556.739 582.961 635.402 715.774 817.163 925.964 1025.558 1103.130 1154.010 1180.085 1186.961 1181.132 1167.650 1149.550 1128.828 1107.005 1085.341 1064.722 1045.673 1028.294 1012.270 996.963 981.817 966.675 952.134 939.558 930.656 926.611 927.435 931.703 936.889 940.253 939.759 934.675 925.584 914.019 901.921 891.174
253.338 363.901 471.192 517.821 541.424 548.872 550.948 551.247 551.247 551.247 551.247 551.247 551.247 551.247 551.247 551.247 551.247 551.247 551.247 551.247 551.247 551.247 551.247 551.247 550.410 548.553 548.381 556.009 580.342 629.945 707.168 805.846 912.854 1011.684 1088.898 1139.113 1163.967 1169.328 1162.255 1148.411 1131.044 1111.860 1091.788 1071.429 1051.161 1031.248 1011.787 992.670 973.692 954.896 936.771 920.479 907.701 900.105 898.523 902.443 909.921 918.099 924.116 926.004 923.106 916.021 906.137 895.142 884.646
253.338 363.901 471.192 517.821 541.424 548.872 550.948 551.247 551.247 551.247 551.247 551.247 551.247 551.247 551.247 551.247 551.247 551.247 551.247 551.247 551.247 551.247 551.247 551.247 550.559 548.898 548.529 555.035 576.809 622.381 694.868 789.182 893.044 990.367 1067.214 1117.272 1141.677 1146.307 1138.627 1124.823 1108.368 1090.662 1072.035 1052.460 1031.868 1010.380 988.225 965.650 942.998 920.941 900.590 883.551 871.655 866.383 868.100 875.729 886.828 898.255 907.108 911.508 910.919 905.951 897.870 888.129 878.103
253.338 363.901 471.192 517.821 541.424 548.872 550.948 551.247 551.247 551.247 551.247 551.247 551.247 551.247 551.247 551.247 551.247 551.247 551.247 551.247 551.247 551.247 551.247 551.247 550.712 549.272 548.661 553.777 572.337 612.707 678.880 767.153 866.477 961.497 1037.930 1088.350 1113.089 1117.774 1110.064 1096.584 1081.063 1064.652 1047.140 1027.941 1006.624 983.246 958.265 932.373 906.495 881.922 860.282 843.472 833.318 830.993 836.368 847.844 862.576 877.234 888.921 895.877 897.665 894.908 888.740 880.420 871.130
253.338 363.901 471.192 517.821 541.424 548.872 550.948 551.247 551.247 551.247 551.247 551.247 551.247 551.247 551.247 551.247 551.247 551.247 551.247 551.247 551.247 551.247 551.247 551.247 550.859 549.652 548.766 552.277 567.096 601.298 659.795 740.522 833.988 925.841 1001.668 1052.811 1078.538 1083.967 1076.740 1063.803 1049.174 1033.854 1017.199 998.161 976.037 950.872 923.401 894.788 866.516 840.407 818.479 802.751 794.903 795.732 804.649 819.639 837.609 855.163 869.479 878.918 883.115 882.659 878.545 871.854 863.610
253.338 363.901 471.192 517.821 541.424 548.872 550.948 551.247 551.247 551.247 551.247 551.247 551.247 551.247 551.247 551.247 551.247 551.247 551.247 551.247 551.247 551.247 551.247 551.247 550.991 550.027 548.897 550.772 561.657 589.193 639.122 711.127 797.510 885.179 959.877 1011.769 1038.901 1045.633 1039.374 1027.221 1013.488 999.139 983.227 964.371 941.671 915.194 885.957 855.558 825.968 799.422 778.161 764.175 758.869 762.651 774.546 792.283 812.699 832.497 849.003 860.713 867.288 869.229 867.360 862.572 855.745
253.338 363.901 471.192 517.821 541.424 548.872 550.948 551.247 551.247 551.247 551.247 551.247 551.247 551.247 551.247 551.247 551.247 551.247 551.247 551.247 551.247 551.247 551.247 551.247 551.098 550.375 549.113 549.571 556.805 577.863 619.064 681.730 760.061 842.436 915.109 967.366 995.978 1004.376 999.519 988.461 975.743 962.395 947.317 928.898 906.109 879.052 848.984 817.872 788.081 762.121 742.306 730.447 727.606 733.797 747.760 767.143 788.918 810.044 828.094 841.713 850.557 854.981 855.578 853.010 847.988
253.338 363.901 471.192 517.821 541.424 548.872 550.948 551.247 551.247 551.247 551.247 551.247 551.247 551.247 551.247 551.247 551.247 551.247 551.247 551.247 551.247 551.247 551.247 551.247 551.170 550.670 549.414 548.813 552.965 568.182 601.020 654.210 723.857 799.987 869.733 921.904 952.036 962.482 959.534 950.008 938.581 926.437 912.434 894.843 872.552 845.698 815.727 784.905 755.873 731.289 713.411 703.771 703.027 710.835 725.760 745.531 767.434 788.840 807.667 822.731 833.661 840.604 843.863 843.812 840.928
253.338 363.901 471.192 517.821 541.424 548.872 550.948 551.247 551.247 551.247 551.247 551.247 551.247 551.247 551.247 551.247 551.247 551.247 551.247 551.247 551.247 551.247 551.247 551.247 551.216 550.905 549.778 548.488 550.196 560.390 585.548 629.524 690.289 759.644 825.871 877.718 909.545 922.520 922.080 914.646 904.904 894.271 881.663 865.307 844.051 818.066 788.936 759.152 731.539 708.800 693.030 685.416 686.204 694.736 709.505 728.452 749.320 770.005 788.843 804.857 817.629 827.056 833.086 835.733 835.172
253.338 363.901 471.192 517.821 541.424 548.872 550.948 551.247 551.247 551.247 551.247 551.247 551.247 551.247 551.247 551.247 551.247 551.247 551.247 551.247 551.247 551.247 551.247 551.247 551.239 551.072 550.156 548.518 548.435 554.541 572.974 608.418 660.581 723.099 785.581 837.067 870.867 886.887 889.575 884.812 877.202 868.411 857.490 842.689 822.845 798.166 770.343 742.021 716.139 695.364 681.569 675.573 677.233 685.638 699.297 716.458 735.392 754.578 772.813 789.330 803.657 815.421 824.167 829.491 831.201
253.338 363.901 471.192 517.821 541.424 548.872 550.948 551.247 551.247 551.247 551.247 551.247 551.247 551.247 551.247 551.247 551.247 551.247 551.247 551.247 551.247 551.247 551.247 551.247 551.247 551.168 550.485 548.764 547.496 550.498 563.388 591.376 635.686 691.737 750.556 801.743 837.772 857.284 863.646 862.086 857.017 850.335 841.288 828.208 809.957 786.785 760.451 733.711 709.554 690.563 678.378 673.460 675.336 682.919 694.801 709.584 726.079 743.337 760.599 777.299 792.902 806.754 817.981 825.723 829.393
253.338 363.901 471.192 517.821 541.424 548.872 550.948 551.247 551.247 551.247 551.247 551.247 551.247 551.247 551.247 551.247 551.247 551.247 551.247 551.247 551.247 551.247 551.247 551.247 551.247 551.216 550.750 549.119 547.153 547.907 556.404 578.097 615.460 665.598 720.990 771.994 810.515 833.966 844.529 846.665 844.490 840.080 832.959 821.615 804.986 783.370 758.559 733.347 710.725 693.167 682.083 677.654 679.160 685.427 695.187 707.396 721.360 736.631 752.828 769.558 786.203 801.834 815.165 824.884 830.016
253.338 363.901 471.192 517.821 541.424 548.872 550.948 551.247 551.247 551.247 551.247 551.247 551.247 551.247 551.247 551.247 551.247 551.247 551.247 551.247 551.247 551.247 551.247 551.247 551.247 551.240 550.952 549.518 547.246 546.486 551.626 568.098 599.328 643.996 696.078 746.881 788.047 815.822 831.090 837.378 838.385 836.323 831.078 821.414 806.406 786.390 763.127 739.369 718.039 701.485 690.939 686.404 687.037 691.680 699.248 709.021 720.709 734.256 749.561 766.335 783.867 800.964 815.962 827.136 833.180
253.338 363.901 471.192 517.821 541.424 548.872 550.948 551.247 551.247 551.247 551.247 551.247 551.247 551.247 551.247 551.247 551.247 551.247 551.247 551.247 551.247 551.247 551.247 551.247 551.247 551.247 551.090 549.910 547.638 545.968 548.614 560.749 586.453 625.865 674.557 724.961 768.784 801.182 821.582 832.394 836.788 837.063 833.583 825.528 812.177 793.875 772.267 749.945 729.690 713.710 703.134 697.913 697.236 700.068 705.549 713.240 723.143 735.453 750.230 767.213 785.581 803.889 820.158 832.331 838.854
253.338 363.901 471.192 517.821 541.424 548.872 550.948 551.247 551.247 551.247 551.247 551.247 551.247 551.247 551.247 551.247 551.247 551.247 551.247 551.247 551.247 551.247 551.247 551.247 551.247 551.247 551.170 550.257 548.194 546.063 546.869 555.336 575.924 610.132 655.215 704.899 751.240 788.404 814.218 829.797 837.689 840.251 838.423 831.937 820.328 803.913 784.121 763.268 743.909 728.108 716.966 710.531 708.166 709.079 712.662 718.712 727.414 739.080 753.805 771.280 790.547 809.939 827.238 840.150 846.995
253.338 363.901 471.192 517.821 541.424 548.872 550.948 551.247 551.247 551.247 551.247 551.247 551.247 551.247 551.247 551.247 551.247 551.247 551.247 551.247 551.247 551.247 551.247 551.247 551.247 551.247 551.218 550.555 548.822 546.526 545.953 551.247 567.048 596.080 637.333 685.937 734.505 776.351 807.645 828.086 839.513 844.333 844.093 839.167 829.388 815.011 797.169 777.803 759.181 743.218 731.060 722.965 718.615 717.540 719.425 724.261 732.322 743.912 759.070 777.365 797.685 818.187 836.485 850.169 857.533
253.338 363.901 471.192 517.821 541.424 548.872 550.948 551.247 551.247 551.247 551.247 551.247 551.247 551.247 551.247 551.247 551.247 551.247 551.247 551.247 551.247 551.247 551.247 551.247 551.247 551.247 551.240 550.794 549.445 547.198 545.620 548.221 559.626 583.607 620.850 667.966 718.275 764.471 801.112 826.425 841.467 848.612 849.979 846.611 838.662 826.327 810.418 792.456 774.389 757.992 744.496 734.445 727.925 724.849 725.216 729.175 737.031 749.003 764.991 784.405 805.986 827.757 847.255 862.047 870.494
