prediction_s2s__medianmodel_07-Feb-2021_1stday.asc
ncols	141
nrows	288
xllcorner	-120191.398
yllcorner	-301404.813
cellsize	2000.000
NODATA_value	-999.250
[rows 0 to 27 of 288, columns 65 to 129 of 141]
237.823 233.057 230.937 230.153 229.923 229.882 229.882 229.882 229.882 229.882 229.882 229.882 229.882 229.882 229.882 229.882 229.882 229.882 229.882 229.882 229.882 229.882 229.882 229.882 229.882 229.882 229.882 229.882 229.882 229.882 229.882 229.882 229.882 229.882 229.882 229.882 229.882 229.882 229.882 229.882 229.882 229.879 229.873 229.865 229.861 229.866 229.883 229.908 229.933 229.947 229.946 229.934 229.917 229.901 229.890 229.886 229.884 229.883 229.882 229.882 229.882 229.882 229.882 229.882 229.882
353.214 343.746 339.458 337.837 337.354 337.265 337.265 337.265 337.265 337.265 337.265 337.265 337.265 337.265 337.265 337.265 337.265 337.265 337.265 337.265 337.265 337.265 337.265 337.265 337.265 337.265 337.262 337.254 337.239 337.222 337.213 337.226 337.266 337.328 337.392 337.433 337.442 337.420 337.384 337.356 337.343 337.327 337.292 337.243 337.210 337.232 337.335 337.498 337.662 337.763 337.758 337.666 337.535 337.416 337.331 337.292 337.277 337.271 337.266 337.265 337.265 337.265 337.265 337.265 337.265
473.059 457.205 449.936 447.144 446.297 446.139 446.139 446.139 446.139 446.139 446.139 446.139 446.139 446.139 446.139 446.139 446.139 446.139 446.139 446.139 446.139 446.139 446.139 446.139 446.139 446.139 446.123 446.076 445.997 445.914 445.887 445.992 446.260 446.650 447.036 447.280 447.312 447.162 446.941 446.776 446.719 446.687 446.589 446.411 446.262 446.312 446.676 447.286 447.924 448.329 448.312 447.926 447.359 446.818 446.432 446.247 446.201 446.211 446.226 446.232 446.221 446.199 446.176 446.158 446.147
539.054 516.478 506.049 502.002 500.762 500.529 500.529 500.529 500.529 500.529 500.529 500.529 500.529 500.529 500.529 500.529 500.529 500.529 500.529 500.529 500.529 500.529 500.529 500.529 500.529 500.529 500.478 500.333 500.108 499.905 499.944 500.472 501.579 503.081 504.523 505.409 505.496 504.910 504.066 503.420 503.165 503.066 502.810 502.300 501.819 501.873 502.813 504.485 506.282 507.447 507.409 506.263 504.532 502.839 501.614 501.029 500.921 501.026 501.136 501.161 501.074 500.921 500.763 500.642 500.573
581.127 552.836 539.730 534.617 533.041 532.737 532.725 532.710 532.696 532.686 532.682 532.680 532.679 532.678 532.678 532.678 532.678 532.678 532.678 532.678 532.678 532.678 532.678 532.678 532.678 532.678 532.559 532.232 531.770 531.470 531.922 533.741 537.096 541.435 545.521 548.023 548.328 546.785 544.509 542.704 541.894 541.544 540.876 539.588 538.303 538.208 540.143 543.816 547.863 550.521 550.432 547.716 543.541 539.388 536.344 534.895 534.682 535.034 535.360 535.346 534.930 534.289 533.644 533.151 532.864
599.200 567.854 553.386 547.763 546.033 545.661 545.572 545.456 545.362 545.310 545.302 545.313 545.322 545.319 545.310 545.298 545.288 545.282 545.279 545.279 545.278 545.278 545.278 545.278 545.278 545.278 545.043 544.441 543.692 543.513 545.204 550.030 558.230 568.477 578.010 583.935 584.955 581.874 577.094 573.192 571.292 570.382 568.856 566.027 563.061 562.287 565.400 571.954 579.411 584.384 584.195 578.912 570.697 562.419 556.313 553.403 553.024 553.757 554.288 553.862 552.376 550.341 548.350 546.826 545.917
603.434 572.742 558.843 553.601 552.021 551.534 551.152 550.700 550.359 550.207 550.237 550.325 550.379 550.351 550.273 550.175 550.094 550.042 550.021 550.016 550.013 550.009 550.008 550.008 550.008 550.008 549.614 548.656 547.649 548.005 552.145 562.275 578.657 598.674 617.223 629.037 631.847 627.166 619.306 612.813 609.646 608.082 605.311 600.083 594.307 591.929 595.878 605.633 617.165 624.957 624.546 615.818 602.177 588.356 578.163 573.358 572.799 573.917 574.250 572.364 568.197 562.937 557.926 554.093 551.762
598.674 572.395 561.168 557.363 556.276 555.496 554.397 553.186 552.353 552.095 552.326 552.673 552.841 552.704 552.354 551.927 551.557 551.301 551.170 551.115 551.087 551.069 551.062 551.057 551.047 551.032 550.422 549.052 547.896 549.354 557.320 575.178 603.101 636.730 667.952 688.519 694.966 689.688 679.265 670.534 666.401 664.328 660.117 651.911 642.469 637.548 641.504 653.845 669.018 679.297 678.343 665.762 646.225 626.445 611.907 605.084 604.156 605.074 603.931 598.531 589.065 577.883 567.500 559.627 554.803
590.356 571.509 564.885 563.592 563.313 561.923 559.541 557.124 555.707 555.632 556.566 557.585 557.980 557.461 556.270 554.804 553.458 552.448 551.840 551.525 551.372 551.294 551.260 551.223 551.163 551.083 550.198 548.409 547.309 550.484 563.509 590.992 632.882 682.819 729.426 761.267 773.635 769.799 758.529 748.831 744.500 742.259 736.654 725.341 711.887 703.694 706.432 719.752 736.924 748.464 746.513 730.351 705.648 680.769 662.576 654.005 652.399 652.077 647.614 636.136 618.398 598.360 580.125 566.401 557.956
582.737 573.287 572.750 574.835 575.555 573.229 569.205 565.616 564.222 565.404 568.232 570.764 571.570 570.075 566.816 562.738 558.809 555.663 553.577 552.377 551.755 551.446 551.283 551.119 550.907 550.674 549.496 547.425 546.769 552.328 571.252 609.182 665.673 732.416 795.121 839.547 859.920 860.158 850.642 841.936 838.482 836.559 829.926 816.013 798.944 787.172 787.262 799.154 815.662 826.519 823.123 804.436 776.543 748.668 728.386 718.694 716.048 713.276 703.614 683.755 655.276 624.044 595.985 574.939 561.899
580.173 581.184 587.709 593.691 595.456 592.077 586.676 582.887 583.178 587.640 594.209 599.411 600.763 597.305 590.016 580.768 571.549 563.842 558.412 555.087 553.262 552.303 551.733 551.207 550.651 550.184 548.859 546.967 547.491 556.195 581.296 628.975 698.254 779.327 856.003 912.292 941.743 948.509 943.552 937.944 936.410 935.251 928.202 912.821 893.399 878.524 874.973 883.034 895.959 903.947 898.679 878.891 850.366 822.185 801.776 791.765 787.855 781.770 765.800 736.463 696.259 652.897 614.156 585.027 566.760
586.985 599.058 613.152 623.128 625.828 621.584 615.730 613.472 617.703 627.784 640.033 649.079 651.157 644.794 631.431 614.121 596.336 580.946 569.629 562.370 558.185 555.848 554.350 553.037 551.853 551.123 550.066 549.276 552.234 565.146 596.456 652.160 730.606 821.199 907.258 972.463 1010.245 1024.515 1025.678 1024.230 1024.825 1024.338 1017.305 1001.752 981.688 964.857 957.454 960.066 967.147 970.479 962.971 943.312 916.370 890.151 871.193 861.459 856.196 846.612 824.519 786.460 735.668 681.250 632.568 595.680 572.160
605.986 629.184 650.701 664.310 667.835 663.405 658.676 660.131 670.605 688.317 707.721 721.488 724.501 714.625 693.609 665.794 636.512 610.569 590.990 578.089 570.418 565.911 562.819 560.150 557.992 557.061 556.932 558.489 565.384 583.568 620.720 681.903 764.736 858.638 947.860 1017.209 1060.576 1081.298 1088.359 1090.845 1093.033 1092.734 1085.802 1070.934 1051.522 1033.832 1022.940 1019.637 1019.953 1017.832 1007.899 988.928 964.560 941.265 924.387 915.257 909.091 897.088 870.886 826.952 768.774 706.130 649.566 606.094 577.766
638.098 671.519 699.395 715.797 720.124 716.649 714.990 722.253 740.660 767.103 794.301 813.292 817.709 804.597 775.705 736.506 694.319 656.217 626.838 606.967 594.676 586.984 581.381 576.641 573.170 572.192 573.731 578.827 590.881 614.898 656.936 720.564 802.757 893.695 979.721 1047.914 1093.093 1117.860 1129.287 1134.582 1137.426 1136.666 1129.676 1115.825 1097.751 1080.009 1066.338 1057.594 1051.376 1043.819 1031.319 1012.844 990.818 970.168 955.143 946.696 940.401 927.804 900.467 854.509 793.057 725.805 664.037 615.605 583.231
682.639 723.962 756.143 774.157 779.394 778.203 781.326 795.661 822.393 857.245 891.779 916.050 922.724 907.905 872.856 823.706 769.479 719.424 679.817 652.058 633.953 621.809 612.584 605.040 599.994 599.152 602.909 612.231 629.856 659.360 704.679 767.671 844.883 927.821 1005.584 1068.159 1111.538 1137.545 1151.256 1157.902 1160.441 1158.628 1151.225 1138.208 1121.501 1104.102 1088.463 1075.341 1063.580 1051.098 1035.815 1016.999 996.153 977.007 963.070 955.233 949.668 938.389 912.856 868.530 807.679 739.316 675.063 623.487 588.079
736.212 781.605 815.303 833.714 840.193 842.536 851.482 872.953 907.037 948.798 989.479 1018.931 1029.163 1015.203 977.343 921.684 858.339 798.243 749.084 713.023 687.999 670.099 656.182 645.237 638.463 637.831 643.870 657.215 679.670 713.228 759.691 819.364 888.671 960.724 1027.470 1081.819 1120.914 1145.882 1160.007 1166.755 1168.344 1165.151 1156.984 1144.279 1128.436 1111.264 1094.207 1077.817 1061.701 1044.988 1026.702 1006.486 985.346 966.319 952.579 945.178 940.924 932.256 910.463 870.214 812.692 745.944 681.615 628.771 591.618
792.400 837.014 869.222 887.115 895.455 902.497 917.868 946.071 986.294 1033.535 1079.410 1114.099 1129.175 1118.610 1081.472 1023.298 954.565 887.159 829.753 785.366 752.547 727.808 708.403 693.736 685.196 684.646 692.423 708.601 733.968 769.117 814.179 868.385 928.394 988.934 1044.419 1090.175 1124.230 1147.106 1160.655 1166.936 1167.501 1163.032 1153.991 1141.107 1125.453 1108.116 1089.864 1071.017 1051.541 1031.234 1009.834 987.365 964.737 944.746 930.544 923.419 920.666 914.999 897.532 862.221 809.266 745.792 683.235 630.863 593.364
845.024 884.303 912.577 929.497 940.423 953.035 975.137 1009.701 1055.349 1107.395 1158.166 1198.354 1219.260 1213.955 1180.312 1122.957 1052.016 979.544 914.785 861.755 820.185 787.672 762.299 743.872 733.616 732.838 741.358 758.602 784.474 818.624 860.182 907.855 958.775 1009.063 1054.958 1093.458 1123.118 1143.923 1156.670 1162.406 1162.165 1156.751 1146.975 1133.737 1117.918 1100.167 1080.838 1060.046 1037.866 1014.455 990.021 964.961 940.343 918.989 904.097 897.097 895.513 892.213 878.267 847.250 798.759 739.263 679.778 629.424 593.006
889.569 920.411 943.434 959.462 973.644 992.372 1021.373 1062.279 1113.396 1170.421 1226.313 1272.166 1299.091 1299.535 1270.428 1215.392 1143.784 1067.257 995.406 933.428 882.637 842.113 810.894 788.995 777.103 775.645 783.789 800.398 824.758 856.043 893.004 934.230 977.391 1019.639 1058.365 1091.545 1117.941 1137.108 1149.127 1154.419 1153.671 1147.715 1137.525 1124.057 1108.045 1089.878 1069.648 1047.318 1022.989 997.020 969.951 942.498 916.016 893.423 877.913 870.865 869.773 867.587 855.547 827.318 782.383 726.911 671.342 624.292 590.277
923.482 945.007 962.888 978.639 996.644 1021.735 1057.756 1105.316 1162.526 1225.240 1286.641 1337.924 1370.001 1375.022 1349.451 1296.182 1223.740 1143.230 1064.497 993.910 934.414 886.585 850.254 825.393 811.942 809.380 816.264 831.067 852.726 880.280 912.481 948.044 985.098 1021.459 1055.153 1084.601 1108.609 1126.440 1137.772 1142.677 1141.668 1135.558 1125.357 1111.987 1096.042 1077.705 1056.902 1033.510 1007.649 979.828 950.826 921.613 893.815 870.427 854.516 847.230 845.829 843.342 831.409 804.219 761.610 709.796 658.560 615.743 585.214
947.221 960.609 974.502 990.747 1012.835 1044.192 1087.228 1141.823 1205.818 1274.814 1341.721 1397.488 1432.880 1440.116 1415.741 1362.377 1287.995 1203.236 1118.157 1040.110 973.396 919.759 879.517 852.389 837.560 833.689 838.885 851.404 870.037 893.837 921.734 952.608 984.925 1016.890 1046.833 1073.352 1095.261 1111.699 1122.172 1126.609 1125.437 1119.450 1109.607 1096.728 1081.249 1063.170 1042.297 1018.471 991.845 963.055 933.042 902.922 874.535 850.868 834.776 827.062 824.676 820.768 807.543 780.004 738.673 690.049 643.261 605.254 579.032
964.063 971.644 983.087 1000.418 1026.423 1063.542 1113.198 1174.715 1245.464 1320.401 1391.829 1450.311 1486.565 1493.240 1467.430 1411.958 1334.582 1245.674 1155.442 1071.887 1000.171 942.733 900.060 871.508 855.642 850.551 854.089 864.448 880.361 900.931 925.229 952.254 980.671 1008.903 1035.463 1059.080 1078.639 1093.305 1102.574 1106.331 1104.969 1099.224 1089.962 1077.879 1063.240 1045.893 1025.549 1002.028 975.530 946.752 916.720 886.596 858.323 834.817 818.678 810.369 806.588 800.689 785.516 757.007 716.487 670.833 628.602 595.857 574.662
977.757 981.930 992.268 1010.957 1040.400 1082.437 1137.841 1205.409 1281.852 1361.289 1435.289 1494.066 1528.500 1531.944 1502.400 1443.304 1362.549 1270.408 1177.075 1090.720 1016.783 957.882 914.407 885.384 869.006 863.062 865.332 873.999 887.764 905.706 926.961 950.592 975.384 999.936 1022.941 1043.275 1059.994 1072.395 1080.065 1082.894 1081.235 1075.745 1067.155 1056.011 1042.451 1026.214 1006.945 984.471 958.988 931.185 902.059 872.725 845.125 822.038 805.851 796.784 791.451 783.527 766.533 737.297 697.888 655.483 618.142 591.152 575.701
991.017 993.616 1003.736 1023.778 1055.997 1101.905 1161.760 1233.791 1313.956 1395.518 1469.413 1525.717 1555.718 1553.744 1518.981 1455.725 1372.224 1278.642 1184.872 1098.740 1025.419 967.322 924.639 896.188 880.020 873.841 875.438 882.991 895.153 910.936 929.489 949.920 971.122 991.851 1010.992 1027.630 1041.037 1050.721 1056.415 1058.061 1055.958 1050.647 1042.697 1032.511 1020.133 1005.249 987.495 966.691 942.990 916.969 889.503 861.575 835.028 812.481 796.159 786.197 779.352 769.765 751.650 722.595 685.213 646.759 614.817 594.027 584.875
1004.950 1006.982 1017.284 1038.473 1072.777 1121.449 1184.228 1258.690 1340.024 1420.762 1491.486 1542.471 1565.761 1556.905 1516.401 1449.481 1364.717 1271.998 1180.566 1097.505 1027.359 972.115 931.753 905.004 889.925 884.269 885.857 892.866 903.913 917.946 934.102 951.537 969.241 986.105 1001.212 1013.872 1023.615 1030.215 1033.606 1033.811 1031.081 1025.821 1018.421 1009.143 997.972 984.601 968.684 950.038 928.709 905.090 879.832 853.742 828.492 806.515 789.948 778.989 770.763 760.050 741.763 714.100 679.948 646.328 620.291 605.948 603.309
1018.894 1020.761 1031.397 1053.550 1089.365 1139.758 1203.864 1278.548 1358.281 1435.119 1499.665 1542.797 1557.649 1541.204 1495.280 1425.930 1341.882 1252.480 1166.007 1088.518 1023.716 973.084 936.421 912.452 899.338 894.922 897.104 904.086 914.479 927.195 941.362 956.151 970.610 983.740 994.795 1003.336 1009.182 1012.414 1013.219 1011.746 1008.218 1002.896 995.984 987.607 977.714 966.026 952.228 936.102 917.551 896.720 874.004 850.012 826.207 804.829 787.961 775.966 766.505 755.131 737.509 712.303 682.411 654.304 634.378 626.280 629.790
1030.871 1032.753 1043.871 1066.936 1103.845 1155.024 1218.907 1291.644 1367.136 1437.288 1493.115 1526.499 1531.961 1507.992 1457.638 1387.578 1306.393 1222.641 1143.413 1073.576 1015.903 971.349 939.554 919.298 908.876 906.274 909.506 916.862 926.999 938.828 951.445 963.996 975.541 985.150 992.239 996.625 998.455 998.151 996.187 992.880 988.443 983.018 976.637 969.289 960.876 951.125 939.725 926.389 910.837 892.964 872.909 851.115 828.851 808.151 791.032 778.045 767.443 755.639 739.097 716.856 691.626 669.079 654.814 652.052 660.588
1038.495 1040.614 1052.466 1076.533 1114.247 1165.399 1227.668 1296.540 1365.569 1426.830 1472.139 1494.698 1490.623 1459.904 1406.631 1337.805 1261.600 1185.545 1115.424 1054.865 1005.714 968.404 942.431 926.627 919.430 919.004 923.534 931.473 941.577 952.797 964.174 974.789 983.666 989.942 993.190 993.509 991.379 987.568 982.835 977.678 972.342 966.895 961.222 955.186 948.602 941.152 932.453 922.100 909.626 894.699 877.255 857.629 836.933 817.006 799.760 785.900 774.222 761.991 746.469 727.021 706.055 688.346 678.626 679.725 691.589
