prediction_s2s__medianmodel_07-Feb-2021_1stday.asc
ncols	141
nrows	288
xllcorner	-120191.398
yllcorner	-301404.813
cellsize	2000.000
NODATA_value	-999.250
[rows 196 to 223 of 288, columns 0 to 64 of 141]
259.899 374.309 485.958 535.977 562.027 572.129 581.754 602.898 648.384 728.912 847.745 997.894 1163.145 1323.819 1463.377 1574.887 1660.722 1728.496 1786.007 1838.397 1887.422 1933.096 1975.402 2014.590 2050.220 2080.577 2102.497 2112.011 2105.623 2081.093 2038.073 1978.540 1906.339 1825.701 1740.606 1653.682 1566.034 1477.919 1390.252 1305.061 1225.766 1156.296 1100.100 1059.369 1035.298 1028.777 1041.483 1076.328 1136.313 1222.318 1331.678 1457.335 1588.151 1711.342 1815.682 1893.524 1941.957 1962.825 1961.451 1944.829 1919.921 1892.387 1865.986 1842.621 1822.781
255.256 367.047 475.812 523.576 547.835 556.288 563.407 580.327 619.409 692.292 804.910 953.606 1124.972 1299.967 1459.580 1592.212 1695.742 1774.847 1836.903 1888.909 1935.474 1979.119 2021.594 2064.130 2106.587 2147.020 2181.482 2204.693 2211.661 2198.921 2165.445 2113.055 2045.797 1968.253 1884.602 1797.441 1707.614 1615.003 1520.180 1425.032 1333.469 1250.686 1181.871 1131.115 1101.404 1094.738 1112.857 1157.453 1228.977 1325.199 1440.471 1565.784 1689.828 1801.572 1892.474 1957.626 1996.048 2010.348 2005.513 1987.606 1962.554 1935.182 1908.703 1884.732 1863.665
253.650 364.465 472.102 518.922 542.412 549.841 554.597 566.765 598.116 661.101 764.414 907.840 1080.812 1265.061 1439.565 1588.536 1705.932 1793.874 1859.097 1909.696 1952.306 1991.498 2031.000 2073.814 2121.097 2171.274 2219.745 2259.474 2283.475 2286.702 2267.370 2227.242 2170.686 2102.518 2026.788 1945.557 1858.859 1765.774 1666.288 1562.213 1458.240 1361.304 1278.894 1217.543 1182.318 1176.346 1200.975 1255.926 1338.353 1442.443 1559.563 1679.298 1791.056 1886.380 1959.976 2009.895 2037.001 2044.392 2036.397 2017.847 1993.407 1966.892 1940.874 1916.693 1894.701
253.329 363.904 471.228 517.780 541.071 547.960 550.825 558.725 582.828 636.168 729.832 866.609 1038.349 1227.522 1411.654 1571.620 1698.221 1791.410 1856.929 1903.113 1937.869 1967.652 1998.756 2037.121 2086.288 2145.678 2209.912 2269.542 2314.745 2338.300 2337.394 2313.773 2272.315 2218.234 2155.412 2085.149 2006.317 1916.826 1815.813 1705.125 1590.365 1480.445 1385.372 1314.308 1274.304 1269.333 1299.950 1363.473 1453.832 1561.876 1676.553 1786.804 1883.344 1960.290 2015.472 2049.616 2065.164 2065.559 2054.443 2035.402 2011.819 1986.503 1961.378 1937.533 1915.329
253.338 363.901 471.192 517.743 541.080 547.757 549.375 554.189 572.878 618.784 704.629 835.265 1004.161 1194.286 1382.304 1546.893 1676.661 1769.846 1830.986 1867.955 1889.353 1903.574 1920.203 1949.163 1997.339 2065.566 2147.519 2230.692 2301.588 2350.047 2371.730 2368.192 2344.906 2307.771 2260.764 2204.600 2136.988 2054.505 1955.251 1840.991 1718.367 1598.194 1492.874 1413.957 1370.060 1365.444 1399.519 1467.644 1561.186 1668.534 1777.165 1876.034 1956.960 2016.118 2053.786 2072.817 2076.978 2070.119 2055.404 2035.422 2012.433 1988.322 1964.428 1941.641 1920.356
253.338 363.901 471.192 517.789 541.209 547.831 548.793 551.870 567.426 608.817 689.418 814.911 979.416 1166.071 1351.295 1512.935 1638.530 1725.195 1776.263 1798.778 1801.680 1795.393 1793.188 1809.483 1854.899 1931.840 2033.009 2142.628 2243.134 2320.848 2369.252 2389.177 2386.470 2367.838 2337.790 2296.948 2242.239 2169.080 2074.470 1959.945 1832.906 1705.846 1593.134 1508.156 1460.515 1454.342 1488.050 1555.650 1647.030 1749.358 1849.562 1936.686 2003.216 2046.523 2068.422 2073.303 2066.133 2051.353 2032.034 2010.120 1986.987 1963.764 1941.292 1920.310 1901.227
253.338 363.901 471.192 517.813 541.258 547.851 548.605 551.127 565.589 605.008 682.285 802.651 959.958 1137.356 1311.803 1461.906 1575.418 1649.083 1685.221 1689.897 1672.053 1643.975 1622.328 1625.647 1667.967 1753.218 1873.423 2010.210 2142.353 2252.555 2331.471 2378.323 2398.594 2399.620 2386.752 2361.222 2319.848 2257.362 2169.809 2058.298 1930.547 1800.081 1682.597 1592.685 1540.482 1529.973 1558.978 1620.916 1705.255 1799.022 1889.128 1964.683 2018.267 2047.612 2055.256 2046.669 2027.936 2004.305 1979.074 1953.864 1929.426 1906.324 1885.053 1866.252 1850.339
253.338 363.901 471.192 517.821 541.240 547.801 548.659 551.459 566.149 604.963 679.279 792.819 938.593 1099.970 1255.424 1385.881 1480.516 1536.406 1555.195 1541.942 1505.313 1458.851 1421.508 1414.585 1454.469 1546.450 1682.737 1843.931 2006.554 2150.265 2262.423 2339.450 2385.333 2407.343 2411.795 2401.140 2372.995 2322.046 2243.698 2138.453 2013.750 1883.322 1763.422 1669.251 1611.206 1593.350 1613.487 1665.212 1738.413 1820.637 1899.062 1962.724 2003.916 2020.188 2014.325 1992.561 1961.975 1928.631 1896.212 1866.248 1839.098 1815.008 1794.297 1777.542 1765.138
253.338 363.901 471.192 517.821 541.186 547.706 548.825 552.260 567.541 605.617 675.554 778.955 907.923 1046.629 1176.146 1280.956 1352.571 1388.938 1391.354 1363.976 1314.817 1257.625 1211.818 1199.367 1237.533 1332.884 1479.194 1658.380 1846.836 2022.284 2168.562 2278.084 2351.939 2396.418 2418.526 2422.425 2407.367 2368.752 2301.729 2206.050 2088.234 1961.321 1841.326 1743.534 1678.567 1650.889 1658.902 1696.910 1755.680 1823.592 1888.185 1938.443 1966.379 1969.299 1950.021 1915.326 1872.959 1829.574 1789.154 1753.267 1722.141 1695.951 1674.977 1659.758 1650.555
253.338 363.901 471.192 517.821 541.135 547.630 549.027 552.968 568.217 603.990 666.687 755.805 863.009 974.113 1073.698 1150.442 1198.609 1217.219 1207.451 1172.637 1119.711 1061.360 1015.445 1002.402 1038.952 1132.945 1281.262 1469.538 1676.369 1878.921 2057.670 2200.151 2303.293 2371.372 2411.595 2430.004 2428.090 2402.672 2349.081 2266.223 2159.138 2039.364 1921.915 1821.711 1749.590 1710.740 1704.591 1726.476 1768.193 1819.049 1867.115 1901.584 1914.563 1903.369 1870.847 1823.953 1770.620 1717.607 1669.001 1626.502 1590.458 1561.206 1539.110 1524.612 1517.749
253.338 363.901 471.192 517.821 541.105 547.611 549.213 553.224 567.284 598.599 651.011 722.438 804.886 886.620 956.220 1006.524 1034.399 1039.836 1023.921 989.139 940.946 889.842 850.536 840.289 874.289 961.752 1103.819 1291.660 1507.953 1730.706 1937.638 2111.115 2243.123 2334.999 2393.546 2426.462 2437.796 2426.304 2387.947 2320.815 2228.120 2119.226 2007.514 1907.054 1828.756 1778.664 1757.469 1761.692 1784.262 1815.552 1844.468 1860.901 1857.582 1832.140 1787.350 1729.885 1667.207 1605.677 1549.290 1499.996 1458.583 1425.757 1401.996 1387.524 1381.966
253.338 363.901 471.192 517.821 541.106 547.671 549.365 552.903 564.571 589.564 629.718 682.227 740.250 794.962 838.751 867.838 881.024 878.885 862.344 833.122 795.092 756.006 726.660 720.361 750.278 826.928 956.134 1135.422 1352.622 1587.684 1816.491 2016.631 2174.898 2289.167 2365.244 2412.041 2436.114 2438.508 2416.202 2366.660 2291.186 2196.619 2094.164 1996.517 1914.305 1854.274 1818.396 1804.490 1806.780 1816.998 1825.314 1822.821 1803.266 1764.720 1709.625 1643.821 1573.763 1505.043 1441.559 1385.863 1339.440 1303.433 1278.348 1263.961 1259.149
253.338 363.901 471.192 517.821 541.135 547.806 549.511 552.224 560.844 578.810 606.662 641.632 678.522 711.368 735.708 750.060 754.388 749.442 735.939 714.961 688.911 662.813 643.627 640.731 665.254 728.740 841.295 1006.631 1217.947 1457.807 1701.297 1922.167 2102.248 2235.841 2327.298 2386.228 2421.418 2436.351 2429.345 2397.620 2340.792 2263.137 2173.329 2082.146 1999.400 1932.123 1883.369 1852.324 1834.792 1824.214 1812.453 1792.149 1758.176 1708.881 1646.007 1574.119 1498.358 1423.516 1353.634 1292.142 1241.391 1202.931 1177.165 1163.206 1158.992
253.338 363.901 471.192 517.821 541.187 548.002 549.702 551.502 557.078 568.530 585.747 606.527 627.385 644.753 656.390 662.083 662.265 657.600 648.551 635.704 620.325 605.201 594.188 593.353 611.982 662.151 757.199 906.109 1107.062 1345.573 1596.895 1832.110 2028.656 2177.395 2280.977 2349.234 2392.750 2417.429 2423.227 2407.576 2368.941 2309.300 2234.691 2153.543 2074.245 2003.549 1945.253 1899.902 1865.097 1836.268 1807.247 1772.247 1727.074 1670.030 1601.834 1525.579 1445.131 1364.687 1288.707 1221.707 1166.967 1126.391 1100.227 1086.880 1083.368
253.338 363.901 471.192 517.821 541.251 548.234 549.963 551.014 554.117 560.489 569.831 580.680 591.004 598.941 603.564 605.137 604.135 600.997 595.979 589.330 581.579 574.017 568.403 568.310 581.436 619.827 698.776 831.292 1019.802 1252.766 1506.307 1749.943 1957.457 2116.636 2228.398 2302.418 2350.664 2381.276 2396.047 2393.115 2370.412 2328.174 2269.953 2201.605 2129.644 2059.965 1996.663 1941.519 1893.944 1851.420 1809.697 1764.354 1711.774 1649.885 1578.291 1498.703 1414.045 1328.227 1246.238 1173.700 1114.815 1071.843 1044.958 1032.099 1029.501
253.338 363.901 471.192 517.821 541.316 548.468 550.277 550.851 552.291 555.305 559.659 564.553 568.981 572.107 573.623 573.800 572.948 571.289 568.943 566.015 562.683 559.426 556.819 556.684 565.372 594.471 660.126 778.116 954.198 1179.457 1431.177 1678.183 1891.447 2056.236 2171.927 2247.872 2296.992 2329.389 2348.714 2354.222 2343.920 2316.967 2274.802 2220.802 2159.335 2095.051 2031.922 1972.638 1918.175 1867.794 1818.843 1767.862 1711.444 1647.005 1573.247 1490.912 1402.417 1311.644 1223.992 1145.872 1082.266 1035.886 1007.148 994.029 992.407
253.338 363.901 471.192 517.821 541.365 548.650 550.558 550.915 551.466 552.669 554.387 556.251 557.839 558.830 559.155 558.988 558.486 557.750 556.841 555.798 554.658 553.537 552.449 552.049 557.586 579.977 635.473 741.562 906.422 1123.248 1370.496 1616.873 1831.432 1997.554 2113.383 2187.886 2234.595 2265.162 2284.992 2294.649 2292.735 2277.917 2250.059 2210.381 2161.203 2105.744 2047.542 1989.782 1934.546 1882.333 1831.560 1779.270 1722.018 1656.832 1581.931 1497.653 1406.324 1311.883 1219.787 1136.466 1067.377 1015.950 983.364 968.324 967.200
253.338 363.901 471.192 517.821 541.398 548.775 550.772 551.067 551.229 551.606 552.137 552.691 553.124 553.336 553.324 553.168 552.938 552.676 552.408 552.146 551.886 551.628 551.219 550.569 554.056 571.906 620.060 716.853 872.072 1080.458 1321.498 1564.163 1776.439 1940.471 2053.527 2124.167 2166.241 2192.493 2209.802 2220.056 2222.682 2216.332 2199.853 2172.839 2135.946 2091.089 2041.209 1989.609 1938.886 1890.122 1842.227 1792.323 1736.812 1672.589 1597.921 1513.290 1421.210 1325.589 1231.376 1144.363 1069.932 1012.366 974.222 955.732 954.446
253.338 363.901 471.192 517.821 541.417 548.845 550.900 551.193 551.224 551.301 551.408 551.513 551.583 551.597 551.558 551.491 551.419 551.355 551.307 551.277 551.258 551.240 551.083 550.257 552.496 567.410 610.449 700.145 847.163 1047.271 1280.813 1517.322 1724.479 1883.820 1992.059 2057.387 2093.687 2114.366 2127.390 2135.770 2139.790 2138.334 2129.734 2112.561 2086.350 2052.069 2012.092 1969.570 1927.091 1885.731 1844.332 1799.810 1748.399 1687.128 1614.758 1532.309 1442.616 1349.352 1256.487 1168.591 1090.604 1027.484 983.582 961.373 960.265
253.338 363.901 471.192 517.821 541.424 548.872 550.948 551.247 551.247 551.247 551.247 551.247 551.247 551.247 551.247 551.247 551.247 551.247 551.247 551.247 551.247 551.247 551.164 550.226 551.715 564.731 604.167 688.309 828.126 1019.997 1245.002 1473.442 1673.328 1826.109 1928.209 1987.487 2017.663 2032.433 2040.462 2045.582 2048.755 2049.187 2045.037 2034.422 2016.325 1991.219 1961.092 1928.800 1896.600 1865.108 1832.731 1795.998 1750.972 1695.007 1627.571 1550.405 1466.682 1379.697 1292.199 1207.202 1128.892 1062.859 1015.372 991.630 993.638
253.338 363.901 471.192 517.821 541.424 548.872 550.948 551.247 551.247 551.247 551.247 551.247 551.247 551.247 551.247 551.247 551.247 551.247 551.247 551.247 551.247 551.247 551.199 550.195 551.194 562.863 599.520 678.950 812.063 995.567 1211.216 1430.216 1621.331 1766.296 1861.464 1914.414 1938.606 1947.737 1950.808 1952.120 1953.075 1953.153 1950.581 1943.448 1930.681 1912.673 1891.247 1868.951 1847.543 1826.981 1805.065 1777.864 1741.320 1693.120 1633.443 1564.676 1490.260 1413.051 1334.623 1256.468 1181.925 1117.139 1070.446 1050.034 1060.827
253.338 363.901 471.192 517.821 541.424 548.872 550.948 551.247 551.247 551.247 551.247 551.247 551.247 551.247 551.247 551.247 551.247 551.247 551.247 551.247 551.247 551.247 551.195 550.112 550.728 561.327 595.665 670.890 797.597 972.629 1178.330 1386.874 1568.070 1704.245 1791.879 1838.383 1856.901 1860.941 1859.509 1857.069 1855.201 1853.578 1850.629 1844.683 1834.974 1822.088 1807.860 1794.570 1783.457 1773.806 1762.807 1746.150 1719.673 1681.323 1631.762 1573.820 1511.015 1445.781 1378.764 1310.432 1243.511 1184.746 1144.554 1134.133 1161.180
253.338 363.901 471.192 517.821 541.424 548.872 550.948 551.247 551.247 551.247 551.247 551.247 551.247 551.247 551.247 551.247 551.247 551.247 551.247 551.247 551.247 551.247 551.146 549.946 550.224 559.953 592.355 663.857 784.528 951.127 1146.469 1343.712 1513.946 1640.395 1719.935 1759.925 1773.202 1772.884 1767.708 1762.044 1757.446 1753.688 1749.463 1743.499 1735.475 1726.327 1717.978 1712.464 1710.582 1711.046 1710.566 1704.584 1688.897 1661.598 1623.524 1577.591 1527.190 1474.358 1419.209 1361.815 1305.031 1256.470 1228.535 1235.091 1286.101
253.338 363.901 471.192 517.821 541.424 548.872 550.948 551.247 551.247 551.247 551.247 551.247 551.247 551.247 551.247 551.247 551.247 551.247 551.247 551.247 551.247 551.244 551.046 549.682 549.678 558.780 589.740 658.175 773.372 931.740 1116.390 1301.446 1459.602 1575.357 1646.284 1679.863 1688.574 1684.918 1677.100 1669.163 1662.494 1656.924 1651.423 1645.167 1638.321 1632.186 1628.765 1629.873 1635.912 1645.181 1654.096 1658.023 1652.810 1636.552 1609.990 1575.765 1536.916 1495.163 1450.543 1403.422 1357.460 1321.642 1310.165 1338.816 1418.833
253.338 363.901 471.192 517.821 541.424 548.872 550.948 551.247 551.247 551.247 551.247 551.247 551.247 551.247 551.247 551.247 551.247 551.247 551.247 551.247 551.247 551.234 550.882 549.317 549.119 557.908 588.033 654.171 764.518 914.825 1088.331 1260.172 1405.053 1509.205 1571.236 1598.853 1604.086 1598.518 1589.535 1580.650 1573.003 1566.454 1560.278 1554.101 1548.542 1545.200 1546.103 1552.819 1565.409 1581.875 1598.534 1610.825 1614.730 1608.286 1591.879 1567.606 1538.008 1504.596 1467.797 1428.915 1392.928 1370.267 1376.570 1428.469 1537.047
253.338 363.901 471.192 517.821 541.424 548.872 550.948 551.247 551.247 551.247 551.247 551.247 551.247 551.247 551.247 551.247 551.247 551.247 551.247 551.247 551.244 551.199 550.624 548.820 548.542 557.380 587.325 651.918 757.915 900.124 1061.804 1219.244 1349.671 1441.519 1494.715 1517.236 1520.467 1514.745 1506.358 1498.125 1490.877 1484.499 1478.574 1473.166 1469.293 1468.764 1473.566 1484.990 1502.784 1524.760 1547.236 1565.831 1576.695 1577.731 1568.876 1551.565 1527.839 1499.225 1466.971 1433.754 1406.061 1395.446 1418.059 1489.990 1620.894
253.338 363.901 471.192 517.821 541.424 548.872 550.948 551.247 551.247 551.247 551.247 551.247 551.247 551.247 551.247 551.247 551.247 551.247 551.247 551.247 551.234 551.112 550.231 548.153 547.920 557.172 587.525 651.136 753.010 886.788 1035.762 1177.657 1292.706 1371.959 1416.824 1435.484 1438.437 1434.455 1428.495 1422.572 1417.160 1412.175 1407.508 1403.616 1401.870 1404.203 1412.497 1427.767 1449.480 1475.294 1501.586 1524.171 1539.341 1544.835 1540.126 1526.088 1504.486 1477.198 1446.615 1416.939 1395.935 1395.511 1431.035 1516.633 1659.523
253.338 363.901 471.192 517.821 541.424 548.872 550.948 551.247 551.247 551.247 551.247 551.247 551.247 551.247 551.247 551.247 551.247 551.247 551.247 551.244 551.199 550.926 549.641 547.273 547.243 557.286 588.542 651.519 749.210 874.004 1009.373 1134.846 1234.086 1300.967 1338.399 1354.611 1358.946 1358.400 1356.477 1354.313 1352.022 1349.531 1347.014 1345.301 1346.011 1351.155 1362.475 1380.707 1405.078 1433.143 1461.333 1485.619 1502.355 1509.100 1504.999 1490.628 1467.871 1439.355 1408.787 1381.728 1366.584 1374.524 1418.758 1510.272 1653.298
