prediction_s2s__medianmodel_07-Feb-2021_5thday.asc
ncols	141
nrows	288
xllcorner	-120191.398
yllcorner	-301404.813
cellsize	2000.000
NODATA_value	-999.250
[rows 168 to 195 of 288, columns 64 to 127 of 141]
820.729 815.451 810.473 805.886 802.232 800.601 802.393 809.023 821.513 840.154 864.302 892.465 922.235 950.465 973.639 988.421 992.229 984.030 964.694 936.946 904.716 872.280 843.355 820.543 805.140 797.339 796.507 801.677 811.927 826.643 845.577 868.818 896.121 926.193 956.532 984.777 1010.254 1034.496 1060.222 1089.303 1120.448 1149.339 1171.224 1184.359 1191.400 1198.182 1210.219 1229.473 1253.518 1277.470 1296.804 1309.429 1315.972 1318.491 1319.103 1319.161 1319.161 1319.161 1319.161 1319.161 1319.161 1319.161 1319.161 1319.161
789.246 783.303 778.387 774.693 772.742 773.510 778.237 788.210 804.398 827.108 855.697 888.655 923.499 956.975 985.406 1005.283 1013.816 1009.741 993.716 968.317 937.401 905.301 875.825 851.668 834.186 823.605 819.342 820.585 826.748 837.720 853.876 875.834 903.607 935.875 969.886 1002.908 1033.739 1063.269 1093.544 1125.822 1158.258 1186.042 1203.984 1210.419 1208.781 1206.404 1210.586 1224.774 1246.967 1271.627 1292.902 1307.445 1315.232 1318.309 1319.078 1319.161 1319.161 1319.161 1319.161 1319.161 1319.161 1319.161 1319.161 1319.161
763.747 756.799 751.365 747.811 746.705 748.938 755.603 767.808 786.391 811.593 842.781 878.475 916.271 952.985 985.009 1008.852 1021.661 1022.003 1010.293 988.813 961.143 931.407 903.263 879.322 860.928 848.387 841.303 839.164 841.793 849.539 863.224 883.787 911.424 944.936 981.701 1019.003 1055.299 1090.773 1126.529 1162.942 1197.611 1225.377 1240.717 1241.954 1233.001 1222.229 1218.468 1226.665 1245.515 1269.232 1291.010 1306.444 1314.867 1318.222 1319.062 1319.161 1319.161 1319.161 1319.161 1319.161 1319.161 1319.161 1319.161 1319.161
744.082 736.078 729.838 725.926 724.992 727.884 735.523 748.808 768.383 794.398 826.238 862.560 901.183 939.208 973.273 1000.047 1016.697 1021.642 1014.981 998.584 975.568 949.647 924.169 901.568 883.197 869.533 860.496 855.962 856.162 861.764 873.802 893.289 920.476 954.321 992.547 1032.684 1073.056 1113.238 1153.478 1193.387 1230.159 1258.501 1272.720 1270.989 1257.320 1240.620 1230.677 1233.573 1248.740 1270.449 1291.428 1306.644 1314.972 1318.253 1319.061 1319.161 1319.161 1319.161 1319.161 1319.161 1319.161 1319.161 1319.161 1319.161
730.256 721.430 714.392 709.877 708.630 711.465 719.153 732.367 751.538 776.724 807.389 842.429 880.048 917.777 952.633 981.534 1001.672 1011.279 1010.066 999.356 981.691 960.254 938.050 917.367 899.644 885.643 875.679 870.028 869.212 874.039 885.501 904.462 931.087 964.483 1002.777 1043.868 1086.117 1128.756 1171.451 1213.303 1251.330 1280.273 1294.391 1291.737 1276.225 1256.794 1243.554 1243.116 1255.322 1274.695 1293.955 1307.981 1315.528 1318.403 1319.077 1319.161 1319.161 1319.161 1319.161 1319.161 1319.161 1319.161 1319.161 1319.161
722.414 713.205 705.570 700.386 698.478 700.652 707.545 719.631 737.159 760.124 788.140 820.437 855.706 892.008 926.809 957.272 980.600 994.763 998.979 993.946 981.561 964.497 945.456 926.706 909.911 896.194 886.294 880.788 880.356 885.725 897.648 916.674 942.780 975.151 1012.300 1052.522 1094.407 1137.126 1180.100 1222.173 1260.304 1289.312 1303.636 1301.398 1286.430 1267.444 1254.205 1253.020 1263.694 1280.970 1298.009 1310.140 1316.400 1318.631 1319.104 1319.161 1319.161 1319.161 1319.161 1319.161 1319.161 1319.161 1319.161 1319.161
720.681 711.572 703.638 697.831 695.055 696.113 701.557 711.708 726.681 746.468 770.877 799.540 831.679 865.913 900.148 931.772 957.940 976.291 985.492 985.570 977.798 964.390 947.878 930.659 914.743 901.663 892.526 888.122 889.105 895.968 909.110 928.678 954.393 985.465 1020.698 1058.776 1098.648 1139.682 1181.305 1222.224 1259.280 1287.385 1301.412 1299.981 1287.103 1271.128 1260.880 1261.537 1272.299 1288.068 1302.758 1312.634 1317.366 1318.873 1319.134 1319.161 1319.161 1319.161 1319.161 1319.161 1319.161 1319.161 1319.161 1319.161
724.950 716.365 708.429 702.131 698.434 698.159 701.805 709.601 721.584 737.786 758.241 782.978 811.732 843.637 876.992 909.359 937.816 959.657 972.994 977.217 973.028 962.280 947.454 931.179 915.860 903.451 895.351 892.447 895.273 904.021 918.699 939.060 964.557 994.356 1027.454 1062.869 1099.957 1138.391 1177.698 1216.426 1251.246 1277.243 1290.124 1289.454 1279.735 1268.746 1263.793 1268.252 1280.335 1295.063 1307.441 1315.007 1318.228 1319.073 1319.160 1319.161 1319.161 1319.161 1319.161 1319.161 1319.161 1319.161 1319.161 1319.161
734.892 727.132 719.458 712.874 708.384 706.833 708.703 714.175 723.255 736.037 752.761 773.798 799.307 828.844 861.035 893.587 923.525 947.839 964.178 971.377 969.666 960.615 946.698 930.798 915.699 903.703 896.433 894.821 899.253 909.661 925.715 946.830 972.200 1000.899 1031.996 1064.780 1098.953 1134.496 1170.988 1206.776 1238.371 1261.275 1272.446 1272.747 1267.193 1262.677 1264.466 1273.750 1287.646 1301.483 1311.590 1316.973 1318.880 1319.209 1319.177 1319.161 1319.161 1319.161 1319.161 1319.161 1319.161 1319.161 1319.161 1319.161
750.089 743.346 736.158 729.541 724.538 722.016 722.465 726.040 732.751 742.743 756.401 774.329 796.987 824.231 854.945 886.971 917.345 942.905 960.974 969.979 969.771 961.667 948.126 932.187 916.923 904.887 897.861 896.825 902.088 913.409 930.248 951.776 976.972 1004.763 1034.194 1064.698 1096.253 1129.019 1162.556 1194.953 1222.713 1242.112 1251.650 1253.590 1253.177 1255.972 1264.872 1278.895 1294.262 1306.976 1314.881 1318.373 1319.275 1319.274 1319.183 1319.161 1319.161 1319.161 1319.161 1319.161 1319.161 1319.161 1319.161 1319.161
769.997 764.366 757.849 751.472 746.319 743.291 742.889 745.276 750.451 758.581 770.111 785.743 806.087 831.173 860.072 890.804 920.520 946.070 964.636 974.400 974.921 967.273 953.799 937.586 921.814 909.190 901.622 900.150 905.113 916.262 932.993 954.362 979.180 1006.217 1034.413 1063.245 1092.802 1123.267 1154.044 1183.002 1206.893 1223.119 1231.803 1236.330 1241.696 1251.686 1266.827 1284.373 1300.202 1311.329 1317.161 1319.171 1319.424 1319.275 1319.180 1319.161 1319.161 1319.161 1319.161 1319.161 1319.161 1319.161 1319.161 1319.161
793.819 789.318 783.596 777.702 772.770 769.737 769.147 771.163 775.786 783.127 793.589 807.839 826.487 849.631 876.484 905.278 933.395 957.844 975.848 985.489 986.104 978.523 964.891 948.192 931.590 917.829 908.887 905.923 909.396 919.211 934.854 955.394 979.571 1006.006 1033.505 1061.470 1089.917 1118.839 1147.377 1173.272 1193.861 1207.874 1216.916 1224.920 1236.046 1252.091 1271.557 1290.639 1305.555 1314.614 1318.560 1319.510 1319.422 1319.248 1319.174 1319.161 1319.161 1319.161 1319.161 1319.161 1319.161 1319.161 1319.161 1319.161
820.439 817.004 812.124 806.890 802.485 799.909 799.760 802.223 807.258 814.880 825.331 839.121 856.739 878.282 903.078 929.592 955.515 978.117 994.778 1003.568 1003.678 995.709 981.574 964.077 946.250 930.803 919.754 914.393 915.388 922.893 936.625 955.801 979.161 1005.238 1032.681 1060.706 1089.064 1117.372 1144.441 1168.060 1186.378 1199.491 1210.003 1221.781 1237.690 1257.699 1278.928 1297.384 1310.154 1316.901 1319.273 1319.556 1319.351 1319.212 1319.168 1319.161 1319.161 1319.161 1319.161 1319.161 1319.161 1319.161 1319.161 1319.161
848.515 845.974 841.890 837.396 833.739 831.994 832.837 836.478 842.818 851.698 863.122 877.335 894.641 915.072 938.067 962.337 985.884 1006.279 1021.082 1028.416 1027.390 1018.429 1003.236 984.417 964.861 947.190 933.453 925.072 922.955 927.573 938.955 956.535 979.145 1005.267 1033.383 1062.414 1091.685 1120.307 1146.783 1169.141 1186.452 1199.896 1212.489 1227.464 1246.295 1267.604 1287.954 1303.921 1313.786 1318.290 1319.495 1319.447 1319.260 1319.181 1319.163 1319.161 1319.161 1319.161 1319.161 1319.161 1319.161 1319.161 1319.161 1319.161
876.588 874.656 871.227 867.478 864.722 864.125 866.454 871.941 880.388 891.410 904.692 920.154 937.865 957.797 979.483 1001.866 1023.226 1041.388 1054.071 1059.467 1056.658 1045.970 1028.980 1008.156 986.264 965.866 949.035 937.329 931.889 933.503 942.518 958.624 980.782 1007.447 1036.913 1067.710 1098.646 1128.287 1154.939 1177.018 1194.456 1209.022 1223.601 1240.450 1259.916 1279.913 1297.288 1309.629 1316.429 1319.038 1319.481 1319.315 1319.195 1319.163 1319.161 1319.161 1319.161 1319.161 1319.161 1319.161 1319.161 1319.161 1319.161 1319.161
903.417 901.738 898.776 895.747 894.027 894.881 899.159 907.094 918.353 932.269 948.154 965.579 984.375 1004.448 1025.435 1046.470 1066.062 1082.193 1092.695 1095.812 1090.649 1077.519 1057.965 1034.422 1009.605 986.064 965.926 950.892 942.295 941.195 948.200 963.224 985.341 1012.981 1044.211 1077.141 1110.055 1141.050 1168.386 1190.953 1209.225 1225.070 1240.834 1257.827 1275.704 1292.428 1305.638 1314.101 1318.182 1319.398 1319.415 1319.236 1319.171 1319.161 1319.161 1319.161 1319.161 1319.161 1319.161 1319.161 1319.161 1319.161 1319.161 1319.161
928.140 926.361 923.688 921.372 920.843 923.444 930.082 940.956 955.563 972.911 991.933 1011.839 1032.252 1053.024 1073.896 1094.158 1112.461 1126.880 1135.301 1135.997 1128.117 1112.046 1089.380 1062.591 1034.440 1007.521 984.066 965.916 954.574 951.284 956.811 971.216 993.632 1022.442 1055.496 1090.506 1125.296 1157.650 1185.927 1209.338 1228.578 1245.217 1260.900 1276.308 1290.942 1303.326 1312.139 1317.158 1319.164 1319.503 1319.333 1319.193 1319.163 1319.161 1319.161 1319.161 1319.161 1319.161 1319.161 1319.161 1319.161 1319.161 1319.161 1319.161
950.154 947.987 945.481 943.906 944.717 949.307 958.591 972.695 990.909 1011.921 1034.296 1056.924 1079.251 1101.095 1122.285 1142.227 1159.659 1172.699 1179.243 1177.591 1166.969 1147.845 1121.919 1091.758 1060.202 1029.958 1003.393 982.510 968.932 964.000 968.518 982.603 1005.433 1035.355 1070.055 1106.884 1143.307 1176.902 1206.038 1230.124 1249.791 1266.159 1280.383 1292.908 1303.489 1311.454 1316.466 1318.883 1319.561 1319.458 1319.262 1319.170 1319.161 1319.161 1319.161 1319.161 1319.161 1319.161 1319.161 1319.161 1319.161 1319.161 1319.161 1319.161
968.937 966.243 963.869 963.081 965.338 972.019 983.993 1001.268 1022.934 1047.398 1072.921 1098.150 1122.386 1145.432 1167.181 1187.099 1203.982 1215.951 1220.932 1217.243 1204.195 1182.353 1153.511 1120.329 1085.738 1052.559 1023.323 1000.182 984.839 978.645 982.351 996.096 1019.146 1049.948 1086.080 1124.637 1162.674 1197.450 1227.193 1251.320 1270.334 1285.119 1296.729 1305.717 1312.319 1316.588 1318.835 1319.620 1319.611 1319.367 1319.213 1319.163 1319.161 1319.161 1319.161 1319.161 1319.161 1319.161 1319.161 1319.161 1319.161 1319.161 1319.161 1319.161
984.621 981.415 979.216 979.269 982.973 991.624 1005.993 1025.959 1050.439 1077.652 1105.677 1133.011 1158.871 1183.043 1205.421 1225.512 1242.113 1253.357 1257.189 1251.984 1237.124 1213.260 1182.242 1146.785 1109.870 1074.410 1043.070 1018.133 1001.320 993.903 996.540 1009.468 1032.229 1063.571 1101.120 1141.674 1181.678 1217.781 1247.816 1271.131 1288.298 1300.416 1308.764 1314.266 1317.572 1319.233 1319.798 1319.762 1319.504 1319.278 1319.184 1319.161 1319.161 1319.161 1319.161 1319.161 1319.161 1319.161 1319.161 1319.161 1319.161 1319.161 1319.161 1319.161
998.820 995.228 993.300 994.200 999.212 1009.493 1025.663 1047.480 1073.767 1102.684 1132.268 1160.989 1188.043 1213.170 1236.242 1256.724 1273.389 1284.364 1287.617 1281.574 1265.676 1240.632 1208.308 1171.422 1132.949 1095.857 1062.906 1036.427 1018.095 1009.020 1009.762 1020.832 1042.370 1073.726 1112.740 1155.788 1198.355 1236.074 1266.141 1287.882 1302.337 1311.201 1316.307 1318.950 1320.018 1320.178 1319.957 1319.639 1319.373 1319.217 1319.170 1319.161 1319.161 1319.161 1319.161 1319.161 1319.161 1319.161 1319.161 1319.161 1319.161 1319.161 1319.161 1319.161
1014.281 1010.482 1008.902 1010.590 1016.666 1028.092 1045.320 1068.018 1095.015 1124.550 1154.770 1184.221 1212.119 1238.156 1262.119 1283.360 1300.574 1311.851 1315.151 1308.933 1292.686 1267.142 1234.185 1196.508 1157.059 1118.807 1084.545 1056.561 1036.352 1024.768 1022.319 1030.017 1048.974 1079.508 1119.783 1165.622 1211.185 1250.718 1280.622 1300.400 1311.827 1317.521 1319.965 1320.700 1320.572 1320.136 1319.730 1319.435 1319.258 1319.179 1319.163 1319.161 1319.161 1319.161 1319.161 1319.161 1319.161 1319.161 1319.161 1319.161 1319.161 1319.161 1319.161 1319.161
1034.033 1030.181 1028.989 1031.348 1038.186 1050.258 1067.857 1090.623 1117.478 1146.856 1177.126 1206.985 1235.680 1262.833 1288.070 1310.582 1328.911 1341.057 1344.915 1338.952 1322.684 1296.896 1263.527 1225.290 1185.107 1145.930 1110.477 1080.870 1058.296 1043.218 1036.147 1038.826 1053.646 1082.167 1122.979 1171.277 1219.687 1260.929 1290.602 1308.490 1317.232 1320.437 1321.114 1320.846 1320.292 1319.794 1319.463 1319.282 1319.194 1319.163 1319.161 1319.161 1319.161 1319.161 1319.161 1319.161 1319.161 1319.161 1319.161 1319.161 1319.161 1319.161 1319.161 1319.161
1060.127 1056.287 1055.437 1058.295 1065.601 1077.927 1095.465 1117.874 1144.242 1173.260 1203.554 1233.973 1263.778 1292.469 1319.475 1343.756 1363.654 1377.009 1381.612 1375.886 1359.408 1333.093 1299.016 1260.012 1219.039 1178.989 1142.422 1111.138 1085.845 1066.519 1053.693 1049.974 1059.214 1084.313 1124.403 1174.044 1224.417 1266.844 1296.215 1312.595 1319.441 1321.114 1320.932 1320.365 1319.836 1319.481 1319.291 1319.205 1319.170 1319.161 1319.161 1319.161 1319.161 1319.161 1319.161 1319.161 1319.161 1319.161 1319.161 1319.161 1319.161 1319.161 1319.161 1319.161
1092.404 1088.509 1087.838 1090.952 1098.453 1110.794 1128.136 1150.207 1176.305 1205.341 1236.157 1267.685 1299.129 1329.819 1358.943 1385.219 1406.768 1421.227 1426.257 1420.251 1402.903 1375.351 1339.955 1299.782 1257.879 1217.060 1179.619 1146.880 1118.946 1095.207 1076.244 1065.539 1068.342 1088.865 1126.769 1176.144 1227.058 1269.744 1298.600 1313.898 1319.654 1320.657 1320.275 1319.793 1319.456 1319.277 1319.200 1319.173 1319.163 1319.161 1319.161 1319.161 1319.161 1319.161 1319.161 1319.161 1319.161 1319.161 1319.161 1319.161 1319.161 1319.161 1319.161 1319.161
1127.781 1123.637 1122.850 1125.895 1133.296 1145.500 1162.703 1184.776 1211.169 1240.962 1273.060 1306.362 1339.887 1372.758 1403.926 1431.881 1454.542 1469.400 1474.010 1466.818 1447.707 1418.168 1380.950 1339.427 1296.763 1255.628 1217.931 1184.400 1154.442 1126.888 1102.393 1085.248 1081.884 1097.544 1132.301 1179.955 1229.861 1271.667 1299.540 1313.924 1319.093 1319.943 1319.685 1319.398 1319.241 1319.180 1319.163 1319.161 1319.161 1319.161 1319.161 1319.161 1319.161 1319.161 1319.161 1319.161 1319.161 1319.161 1319.161 1319.161 1319.161 1319.161 1319.161 1319.161
1161.931 1157.247 1155.961 1158.523 1165.504 1177.421 1194.609 1217.081 1244.396 1275.643 1309.625 1345.041 1380.665 1415.350 1447.868 1476.561 1499.256 1513.361 1516.458 1507.117 1485.532 1453.596 1414.501 1371.928 1329.100 1288.465 1251.439 1218.078 1187.104 1156.929 1128.384 1106.477 1098.481 1110.180 1141.833 1186.985 1234.680 1274.458 1300.676 1313.938 1318.628 1319.464 1319.376 1319.240 1319.180 1319.163 1319.161 1319.161 1319.161 1319.161 1319.161 1319.161 1319.161 1319.161 1319.161 1319.161 1319.161 1319.161 1319.161 1319.161 1319.161 1319.161 1319.161 1319.161
1191.299 1185.748 1183.541 1185.191 1191.387 1202.832 1220.040 1243.149 1271.723 1304.714 1340.660 1377.936 1415.010 1450.541 1483.195 1511.297 1532.693 1544.869 1545.506 1533.430 1509.172 1475.046 1434.625 1391.786 1349.732 1310.574 1275.191 1242.955 1212.021 1180.619 1149.925 1125.599 1115.388 1125.069 1154.664 1197.377 1242.177 1278.977 1302.757 1314.457 1318.466 1319.211 1319.225 1319.180 1319.163 1319.161 1319.161 1319.161 1319.161 1319.161 1319.161 1319.161 1319.161 1319.161 1319.161 1319.161 1319.161 1319.161 1319.161 1319.161 1319.161 1319.161 1319.161 1319.161
