prediction_s2s__medianmodel_07-Feb-2021_3rdday.asc
ncols	141
nrows	288
xllcorner	-120191.398
yllcorner	-301404.813
cellsize	2000.000
NODATA_value	-999.250
[rows 140 to 167 of 288, columns 0 to 62 of 141]
513.042 735.955 954.352 1049.792 1099.244 1115.079 1119.750 1120.350 1119.905 1118.556 1115.385 1107.420 1092.301 1070.640 1047.312 1031.189 1031.859 1053.198 1091.227 1136.297 1177.001 1206.423 1224.717 1237.037 1249.368 1264.996 1283.430 1301.712 1316.583 1326.071 1330.115 1330.168 1328.485 1327.185 1327.563 1329.834 1333.472 1337.671 1341.896 1346.050 1350.364 1355.025 1359.846 1364.146 1366.887 1366.753 1362.185 1351.432 1332.577 1303.952 1264.740 1215.690 1159.403 1100.020 1042.169 989.830 945.481 909.916 882.653 862.694 849.016 840.743 836.961
513.042 735.955 954.352 1049.792 1099.244 1115.073 1119.658 1119.923 1118.705 1115.802 1109.948 1098.401 1079.875 1056.513 1034.749 1024.085 1032.745 1062.179 1106.218 1154.036 1194.500 1222.340 1239.316 1251.351 1264.386 1281.280 1301.155 1320.896 1337.207 1348.014 1353.047 1353.497 1351.306 1348.355 1345.807 1343.922 1342.392 1340.762 1338.844 1336.804 1335.070 1333.985 1333.539 1333.271 1332.330 1329.537 1323.358 1312.009 1293.576 1266.438 1229.906 1184.806 1133.718 1080.605 1029.791 984.900 948.044 919.686 899.072 884.988 876.279 872.048 871.438
513.042 735.955 954.352 1049.792 1099.238 1115.023 1119.376 1118.931 1116.258 1110.837 1101.306 1085.704 1064.306 1040.954 1023.215 1020.185 1037.801 1074.824 1123.193 1171.705 1210.480 1236.271 1252.230 1264.602 1278.875 1297.290 1318.589 1339.600 1357.061 1368.899 1374.712 1375.498 1372.983 1368.814 1363.986 1358.684 1352.618 1345.438 1337.104 1327.990 1318.776 1310.154 1302.563 1296.022 1290.108 1283.863 1275.812 1264.086 1246.641 1221.809 1188.894 1148.724 1103.778 1057.788 1014.760 977.972 949.220 928.701 915.439 908.021 905.131 905.786 909.142
513.042 735.955 954.352 1049.785 1099.187 1114.810 1118.611 1116.830 1111.762 1102.796 1088.915 1069.624 1047.128 1026.739 1016.239 1023.040 1050.013 1093.252 1143.533 1190.365 1226.076 1249.591 1265.086 1278.593 1294.753 1314.968 1337.595 1359.451 1377.409 1389.500 1395.335 1395.891 1392.798 1387.550 1380.942 1372.936 1363.023 1350.698 1335.874 1319.028 1301.160 1283.499 1267.164 1252.913 1240.911 1230.565 1220.461 1208.574 1192.644 1170.823 1142.304 1107.815 1069.668 1031.335 996.511 968.159 947.838 935.560 930.177 930.089 933.779 940.101 948.142
513.042 735.955 954.345 1049.734 1098.970 1114.139 1116.811 1112.808 1104.306 1091.003 1072.887 1051.499 1030.920 1017.200 1017.037 1034.971 1070.403 1117.361 1166.579 1209.473 1241.208 1262.733 1278.685 1294.358 1313.167 1335.555 1359.448 1381.670 1399.284 1410.576 1415.354 1414.751 1410.477 1403.951 1395.751 1385.501 1372.262 1355.160 1333.891 1308.971 1281.763 1254.132 1228.059 1205.185 1186.411 1171.573 1159.348 1147.541 1133.603 1115.399 1091.906 1063.655 1032.726 1002.309 975.792 955.903 944.046 940.119 942.868 950.504 961.257 973.750 986.890
513.042 735.948 954.294 1049.515 1098.292 1112.436 1113.102 1105.848 1093.055 1075.332 1054.315 1033.676 1018.740 1015.101 1027.095 1055.612 1096.987 1144.322 1189.632 1227.114 1254.893 1275.411 1293.139 1312.166 1334.470 1359.455 1384.602 1406.718 1423.148 1432.542 1435.111 1432.324 1426.088 1417.835 1407.905 1395.495 1379.141 1357.482 1329.911 1296.950 1260.317 1222.563 1186.559 1154.884 1129.223 1109.890 1095.693 1084.281 1072.780 1058.717 1040.743 1019.095 995.562 973.011 954.579 942.826 939.092 943.263 954.015 969.368 987.267 1006.012 1024.259
512.870 735.605 953.626 1048.227 1095.830 1107.958 1105.515 1094.170 1077.049 1056.230 1035.206 1019.182 1013.518 1022.034 1045.799 1082.214 1125.759 1170.041 1209.454 1241.324 1266.245 1287.354 1308.371 1331.910 1358.442 1386.356 1412.684 1434.250 1448.732 1455.295 1454.668 1448.805 1439.879 1429.318 1417.230 1402.374 1382.776 1356.611 1322.995 1282.438 1236.991 1189.823 1144.607 1104.783 1072.796 1049.439 1033.693 1023.088 1014.455 1004.927 992.782 977.865 961.595 946.530 935.581 931.240 934.892 946.476 964.650 987.260 1011.918 1036.556 1059.512
512.299 734.500 951.617 1044.774 1090.124 1099.029 1092.538 1077.061 1057.010 1036.131 1019.241 1011.780 1017.686 1037.984 1070.494 1110.360 1151.898 1190.516 1223.535 1251.005 1275.050 1298.686 1324.456 1353.403 1384.598 1415.494 1442.746 1463.255 1475.117 1478.113 1473.618 1464.056 1451.841 1438.384 1423.532 1405.689 1382.485 1351.791 1312.563 1265.323 1212.366 1157.334 1104.514 1058.045 1020.998 994.597 978.016 968.718 963.286 958.489 952.177 943.756 934.251 925.903 921.472 923.474 933.411 951.354 975.972 1004.939 1035.549 1065.350 1092.347
511.120 732.252 947.681 1038.406 1080.404 1085.198 1074.578 1056.324 1036.398 1019.746 1011.325 1015.190 1032.604 1061.571 1097.760 1135.913 1171.819 1203.509 1231.040 1256.272 1281.770 1309.783 1341.456 1376.330 1412.238 1445.840 1473.512 1492.337 1500.951 1499.841 1491.033 1477.391 1461.459 1444.548 1426.280 1404.820 1377.633 1342.498 1298.360 1245.800 1187.263 1126.644 1068.607 1017.716 977.485 949.459 932.980 925.506 923.440 923.241 922.357 919.773 916.131 913.404 914.272 921.333 936.256 959.266 989.068 1023.193 1058.659 1092.666 1122.895
509.213 728.688 941.651 1029.149 1067.234 1068.041 1054.676 1036.588 1020.970 1012.934 1016.077 1031.666 1057.799 1090.268 1124.321 1156.112 1184.052 1208.899 1232.717 1258.064 1287.092 1320.888 1359.154 1400.072 1440.393 1476.142 1503.545 1520.001 1524.776 1519.132 1505.730 1487.752 1467.766 1446.916 1424.637 1399.028 1367.619 1328.349 1280.321 1224.197 1162.463 1099.045 1038.693 986.112 944.990 917.034 901.704 896.480 897.689 901.567 905.283 907.481 908.504 910.131 915.009 925.823 944.411 971.137 1004.749 1042.701 1081.803 1118.986 1151.656
506.572 723.898 933.905 1018.007 1052.691 1051.139 1037.974 1024.013 1016.796 1020.313 1035.523 1060.327 1090.257 1120.385 1147.208 1169.546 1188.771 1207.859 1229.902 1257.316 1291.336 1331.742 1376.867 1423.656 1467.907 1505.144 1531.546 1544.955 1545.372 1534.836 1516.576 1494.007 1469.634 1444.403 1417.646 1387.555 1351.960 1309.147 1258.503 1200.803 1138.458 1075.224 1015.656 964.285 924.702 898.574 885.390 882.673 886.775 893.882 901.045 906.735 911.115 915.849 923.561 936.990 958.070 987.261 1023.369 1063.824 1105.356 1144.722 1179.126
503.619 718.653 925.802 1007.206 1040.194 1039.201 1030.040 1024.006 1027.783 1043.111 1067.789 1096.925 1124.906 1147.620 1163.957 1175.742 1186.890 1201.727 1223.597 1254.321 1294.061 1341.365 1393.283 1445.615 1493.311 1531.442 1556.267 1566.135 1561.808 1546.082 1522.716 1495.302 1466.233 1436.308 1404.837 1370.229 1330.761 1285.192 1233.266 1175.893 1115.344 1055.040 999.115 951.654 915.873 893.187 883.002 882.891 889.346 898.683 908.047 915.936 922.477 929.271 938.902 954.066 976.697 1007.287 1044.706 1086.452 1129.293 1169.947 1205.483
500.887 713.906 918.886 999.019 1032.751 1035.632 1033.893 1038.130 1053.030 1077.528 1106.790 1134.551 1155.641 1167.893 1172.863 1174.886 1179.445 1191.466 1214.138 1248.617 1294.126 1348.107 1406.461 1463.908 1514.606 1553.257 1576.227 1582.392 1573.244 1552.293 1523.775 1491.434 1457.594 1422.945 1386.823 1347.941 1305.054 1257.468 1205.337 1149.725 1092.776 1037.495 987.439 946.039 915.889 897.967 891.468 894.010 902.314 913.010 923.529 932.578 940.383 948.513 959.443 975.723 999.165 1030.246 1067.919 1109.850 1152.983 1194.107 1230.261
498.845 710.417 914.241 994.705 1031.436 1040.702 1048.229 1062.825 1086.488 1115.648 1144.029 1165.601 1176.900 1178.106 1172.940 1167.192 1167.002 1177.369 1201.243 1239.298 1290.037 1349.996 1414.067 1476.007 1529.266 1568.246 1589.428 1592.166 1578.616 1552.896 1519.672 1482.822 1444.620 1405.647 1365.304 1322.585 1276.721 1227.577 1175.762 1122.601 1070.155 1021.045 978.193 944.229 920.962 908.762 906.504 911.810 921.689 933.201 944.230 953.826 962.394 971.466 983.341 1000.299 1023.953 1054.717 1091.680 1132.776 1175.261 1216.124 1252.429
497.786 708.571 912.166 994.084 1035.012 1051.454 1067.876 1090.735 1119.355 1148.457 1171.643 1184.341 1185.368 1176.977 1164.126 1153.040 1149.842 1159.370 1184.422 1225.398 1280.337 1345.088 1413.717 1479.210 1534.470 1573.668 1593.413 1593.458 1576.492 1547.131 1510.336 1470.088 1428.560 1386.216 1342.455 1296.486 1247.993 1197.384 1145.809 1094.964 1046.969 1004.164 968.860 942.863 927.089 921.189 923.614 931.930 943.429 955.658 967.019 976.997 986.188 996.086 1008.735 1026.066 1049.423 1079.154 1114.534 1153.869 1194.844 1234.755 1270.753
497.790 708.246 911.989 995.385 1040.054 1062.416 1085.473 1113.394 1143.340 1169.149 1185.188 1188.835 1181.070 1165.556 1147.663 1133.390 1128.496 1137.594 1163.418 1206.283 1263.956 1331.812 1403.367 1471.093 1527.570 1566.860 1585.718 1584.197 1565.354 1534.106 1495.590 1453.722 1410.506 1366.200 1320.128 1271.647 1220.817 1168.618 1116.808 1067.567 1023.241 986.036 957.764 939.453 931.141 931.712 939.115 950.793 964.238 977.463 989.383 999.915 1009.867 1020.657 1034.022 1051.506 1074.141 1102.218 1135.264 1172.038 1210.746 1249.073 1284.310
498.536 708.872 912.680 996.843 1043.720 1069.580 1096.207 1126.059 1154.817 1176.012 1185.093 1181.222 1166.959 1146.748 1125.877 1109.856 1103.968 1112.622 1138.522 1181.953 1240.545 1309.444 1381.912 1450.232 1506.920 1546.100 1564.676 1562.919 1544.073 1513.133 1475.159 1433.862 1390.923 1346.304 1299.197 1249.066 1196.327 1142.522 1090.034 1041.615 999.921 967.169 944.810 933.255 931.769 938.526 950.952 966.271 982.094 996.769 1009.659 1021.075 1032.009 1043.786 1057.832 1075.276 1096.855 1122.826 1152.985 1186.606 1222.464 1258.666 1292.656
499.543 709.650 913.036 996.814 1043.999 1070.860 1098.482 1128.242 1154.905 1171.919 1175.605 1166.352 1147.717 1124.497 1101.779 1084.582 1077.792 1085.596 1110.631 1153.144 1210.707 1278.459 1349.701 1416.850 1472.624 1511.374 1530.208 1529.515 1512.532 1484.082 1448.915 1410.327 1369.567 1326.269 1279.478 1228.774 1174.919 1119.972 1066.895 1018.926 979.041 949.536 931.673 925.460 929.625 941.773 958.866 977.859 996.333 1012.827 1027.036 1039.573 1051.584 1064.325 1078.928 1096.147 1116.448 1140.065 1167.076 1197.243 1229.883 1263.504 1295.701
500.320 709.854 912.150 994.433 1040.414 1066.609 1093.875 1122.964 1148.026 1162.292 1162.546 1149.843 1128.285 1102.880 1078.569 1060.044 1051.911 1058.146 1081.243 1121.368 1176.108 1240.715 1308.780 1373.106 1426.839 1464.737 1484.153 1485.532 1471.913 1447.727 1417.188 1383.031 1346.007 1305.441 1260.316 1210.370 1156.700 1101.770 1048.932 1001.721 963.308 936.053 921.199 918.621 926.810 943.059 963.991 986.270 1007.325 1025.727 1041.320 1054.931 1067.841 1081.266 1096.121 1112.872 1131.765 1153.009 1176.902 1203.609 1232.874 1263.529 1293.301
500.341 708.779 909.317 989.402 1033.540 1058.651 1085.572 1114.615 1139.339 1152.549 1151.102 1136.362 1112.732 1085.371 1059.206 1038.792 1028.569 1032.344 1052.458 1088.966 1139.459 1199.398 1262.762 1322.905 1373.578 1410.074 1430.068 1434.012 1424.635 1405.803 1381.037 1352.412 1320.219 1283.543 1241.410 1193.783 1142.033 1088.860 1037.727 992.183 955.370 929.676 916.436 915.669 925.979 944.644 968.126 992.841 1015.965 1035.932 1052.592 1066.866 1080.144 1093.667 1108.245 1124.171 1141.541 1160.531 1181.547 1204.986 1230.850 1258.176 1284.803
499.152 706.008 904.486 982.542 1025.406 1050.291 1077.878 1107.978 1133.525 1146.876 1144.820 1128.909 1103.697 1074.432 1046.063 1023.132 1010.048 1010.552 1026.861 1058.913 1104.298 1158.638 1216.322 1271.298 1318.023 1352.422 1372.582 1378.977 1373.984 1360.818 1342.250 1319.684 1292.996 1261.156 1223.312 1179.663 1131.761 1082.313 1034.594 991.866 957.030 932.414 919.551 918.842 929.296 948.466 972.878 998.773 1023.030 1043.830 1060.878 1075.081 1087.914 1100.708 1114.286 1128.910 1144.601 1161.463 1179.885 1200.280 1222.706 1246.293 1269.025
496.374 701.135 897.449 974.217 1017.181 1043.484 1073.283 1105.679 1132.933 1147.114 1145.076 1128.581 1102.244 1071.292 1040.631 1014.851 998.433 995.170 1007.242 1034.492 1074.465 1122.870 1174.407 1223.595 1265.620 1297.126 1316.685 1324.866 1323.727 1315.854 1303.282 1286.820 1265.998 1239.754 1207.374 1169.240 1126.922 1082.915 1040.050 1001.089 968.538 944.616 931.093 928.897 937.657 955.437 979.023 1004.593 1028.782 1049.428 1065.991 1079.257 1090.748 1101.914 1113.713 1126.495 1140.264 1155.023 1170.987 1188.403 1207.217 1226.604 1244.752
491.802 694.094 888.496 965.307 1010.310 1040.011 1073.561 1109.110 1138.337 1153.404 1151.572 1134.916 1108.036 1075.955 1043.400 1014.975 995.296 988.294 996.180 1018.747 1053.456 1096.025 1141.362 1184.468 1221.243 1249.063 1267.078 1276.030 1277.745 1274.279 1267.035 1256.318 1241.403 1221.218 1195.156 1163.632 1128.062 1090.553 1053.356 1018.628 988.441 964.878 949.938 945.095 950.671 965.381 986.444 1010.152 1032.963 1052.407 1067.604 1079.152 1088.540 1097.354 1106.731 1117.175 1128.715 1141.208 1154.602 1168.858 1183.739 1198.476 1211.584
485.535 685.365 878.675 957.512 1006.883 1041.944 1080.333 1119.095 1149.690 1164.963 1163.036 1146.460 1119.721 1087.420 1053.920 1023.712 1001.502 991.345 995.541 1013.870 1043.733 1080.817 1120.174 1157.207 1188.466 1212.043 1227.668 1236.327 1239.718 1239.481 1236.537 1230.821 1221.432 1207.287 1187.790 1163.247 1134.769 1103.962 1072.495 1041.955 1014.009 990.577 973.814 965.637 967.018 977.362 994.458 1014.884 1035.092 1052.367 1065.496 1074.800 1081.675 1087.765 1094.373 1102.163 1111.170 1121.088 1131.567 1142.268 1152.807 1162.579 1170.541
478.184 676.181 869.929 953.294 1009.431 1051.392 1094.885 1135.931 1166.378 1180.487 1177.726 1161.247 1135.335 1103.962 1070.905 1040.353 1016.911 1004.674 1005.994 1020.707 1046.233 1078.281 1112.057 1143.324 1169.186 1188.382 1201.146 1208.712 1212.698 1214.455 1214.562 1212.718 1207.946 1199.148 1185.675 1167.607 1145.671 1120.979 1094.683 1067.912 1041.995 1018.657 1000.055 988.362 985.053 990.201 1002.260 1018.276 1034.881 1049.242 1059.851 1066.718 1071.054 1074.470 1078.352 1083.446 1089.749 1096.785 1103.934 1110.646 1116.528 1121.258 1124.351
470.830 668.308 864.569 955.023 1019.836 1069.351 1117.183 1158.686 1186.884 1198.134 1193.609 1177.138 1152.710 1123.520 1092.563 1063.459 1040.467 1027.500 1026.924 1038.681 1060.348 1087.806 1116.489 1142.522 1163.493 1178.646 1188.601 1194.739 1198.589 1201.260 1203.120 1203.749 1202.185 1197.367 1188.575 1175.656 1158.956 1139.184 1117.105 1093.522 1069.469 1046.408 1026.312 1011.387 1003.422 1003.075 1009.506 1020.382 1032.685 1043.618 1051.460 1055.935 1058.001 1059.129 1060.663 1063.297 1066.935 1070.920 1074.472 1076.962 1078.149 1078.096 1076.905
464.848 663.746 864.888 964.618 1039.149 1095.803 1146.231 1185.781 1209.448 1216.183 1209.040 1192.509 1170.189 1144.405 1117.203 1091.387 1070.557 1058.247 1056.725 1066.120 1084.313 1107.534 1131.594 1153.027 1169.856 1181.677 1189.340 1194.216 1197.657 1200.525 1203.015 1204.681 1204.667 1202.024 1196.023 1186.356 1173.114 1156.723 1137.722 1116.690 1094.386 1071.919 1050.924 1033.408 1021.295 1015.703 1016.467 1021.938 1029.571 1036.755 1041.695 1043.899 1044.061 1043.432 1043.161 1043.763 1044.969 1045.982 1045.960 1044.348 1041.169 1036.906 1032.175
461.532 664.039 872.277 982.634 1066.869 1129.270 1180.013 1215.195 1232.427 1233.495 1223.266 1206.770 1187.165 1165.842 1143.808 1122.827 1105.612 1095.103 1093.413 1100.882 1115.843 1135.053 1154.860 1172.276 1185.736 1195.080 1201.204 1205.322 1208.476 1211.221 1213.559 1215.067 1215.046 1212.747 1207.540 1199.099 1187.414 1172.790 1155.672 1136.487 1115.743 1094.143 1072.874 1053.612 1038.233 1028.154 1023.759 1024.039 1026.971 1030.254 1032.183 1032.170 1030.704 1028.755 1027.178 1026.198 1025.334 1023.692 1020.452 1015.248 1008.383 1000.685 993.137
