prediction_s2s__medianmodel_07-Feb-2021_1stday.asc
ncols	141
nrows	288
xllcorner	-120191.398
yllcorner	-301404.813
cellsize	2000.000
NODATA_value	-999.250
[rows 84 to 111 of 288, columns 65 to 129 of 141]
1259.301 1234.431 1216.709 1206.995 1204.922 1209.361 1218.864 1232.191 1248.525 1267.355 1288.159 1310.122 1331.751 1350.906 1365.130 1371.892 1369.262 1356.570 1334.583 1305.327 1271.838 1237.224 1204.028 1174.228 1149.264 1130.119 1117.474 1111.567 1111.737 1116.560 1124.320 1133.685 1144.313 1157.152 1174.076 1197.229 1228.355 1268.501 1317.907 1376.210 1442.543 1515.793 1594.537 1676.593 1754.882 1814.624 1834.706 1793.897 1681.053 1503.059 1285.514 1064.307 872.967 730.256 638.568 588.165 564.621 555.088 551.927 551.247 551.247 551.247 551.247 551.247 551.247
1236.625 1213.165 1195.461 1184.350 1179.617 1180.436 1185.729 1194.619 1206.605 1221.440 1238.747 1257.747 1276.927 1294.066 1306.706 1312.531 1309.991 1298.805 1280.061 1255.834 1228.845 1201.593 1175.914 1153.050 1133.856 1119.003 1109.160 1104.727 1105.349 1109.940 1117.045 1125.518 1135.196 1147.158 1163.396 1186.123 1217.112 1257.410 1307.233 1366.215 1433.450 1507.839 1587.717 1670.175 1747.176 1803.151 1817.066 1769.112 1650.395 1469.893 1254.279 1038.737 854.790 719.144 632.817 585.660 563.703 554.823 551.881 551.247 551.247 551.247 551.247 551.247 551.247
1218.815 1197.054 1179.525 1167.125 1159.870 1157.269 1158.580 1163.175 1170.777 1181.341 1194.677 1210.200 1226.615 1241.899 1253.793 1260.238 1259.899 1252.523 1239.021 1221.055 1200.684 1179.732 1159.506 1140.918 1124.717 1111.679 1102.671 1098.291 1098.403 1102.118 1108.147 1115.483 1124.067 1135.053 1150.462 1172.507 1202.996 1243.004 1292.804 1352.050 1419.804 1494.911 1575.529 1658.242 1734.432 1788.221 1798.919 1747.791 1627.366 1447.636 1235.373 1024.764 845.903 714.349 630.645 584.804 563.388 554.715 551.857 551.247 551.247 551.247 551.247 551.247 551.247
1207.430 1187.399 1170.111 1156.626 1147.266 1141.859 1139.901 1140.888 1144.626 1151.165 1160.503 1172.343 1185.803 1199.306 1210.990 1219.109 1222.426 1220.442 1213.516 1202.527 1188.626 1172.899 1156.272 1139.628 1123.973 1110.499 1100.449 1094.674 1093.212 1095.298 1099.754 1105.654 1112.990 1122.909 1137.379 1158.547 1188.245 1227.606 1276.989 1336.079 1403.879 1479.159 1559.940 1642.603 1718.463 1771.840 1782.549 1732.390 1614.263 1437.986 1229.609 1022.350 845.693 715.079 631.400 585.220 563.514 554.717 551.848 551.247 551.247 551.247 551.247 551.247 551.247
1202.723 1184.271 1167.240 1152.961 1142.100 1134.762 1130.575 1129.038 1129.894 1133.183 1139.058 1147.556 1158.307 1170.337 1182.310 1192.825 1200.654 1204.889 1205.089 1201.121 1193.109 1181.382 1166.597 1149.811 1132.522 1116.536 1103.622 1094.957 1090.767 1090.399 1092.753 1096.938 1102.934 1111.781 1125.309 1145.555 1174.323 1212.808 1261.435 1319.905 1387.143 1461.807 1541.864 1623.770 1699.167 1752.950 1765.458 1718.600 1604.909 1433.339 1228.854 1023.966 848.114 717.164 632.675 585.781 563.665 554.724 551.841 551.247 551.247 551.247 551.247 551.247 551.247
1204.011 1186.851 1169.995 1155.130 1143.303 1134.869 1129.525 1126.670 1125.897 1127.151 1130.646 1136.728 1145.538 1156.717 1169.488 1182.788 1195.334 1205.744 1212.694 1214.993 1211.738 1202.566 1187.943 1169.201 1148.457 1128.218 1110.875 1097.985 1090.029 1086.480 1086.317 1088.640 1093.334 1101.264 1114.029 1133.493 1161.384 1198.902 1246.489 1303.818 1369.712 1442.724 1520.856 1600.775 1674.587 1727.829 1741.315 1697.037 1587.165 1419.939 1219.510 1017.912 844.396 714.951 631.407 585.117 563.354 554.609 551.817 551.247 551.247 551.247 551.247 551.247 551.247
1210.557 1194.379 1177.462 1161.935 1149.267 1140.085 1134.179 1130.863 1129.545 1129.998 1132.420 1137.330 1145.256 1156.368 1170.362 1186.453 1203.292 1219.038 1231.560 1238.697 1238.650 1230.478 1214.531 1192.459 1167.000 1141.367 1118.574 1100.616 1088.261 1081.143 1078.315 1078.840 1082.454 1089.759 1102.078 1121.033 1148.210 1184.740 1231.015 1286.621 1350.275 1420.471 1495.299 1571.645 1642.006 1692.434 1704.183 1659.699 1551.443 1387.673 1192.284 996.777 829.450 705.486 626.184 582.682 562.412 554.334 551.771 551.248 551.247 551.247 551.247 551.247 551.247
1224.041 1208.554 1191.085 1174.249 1160.029 1149.461 1142.559 1138.685 1137.134 1137.497 1139.848 1144.712 1152.791 1164.561 1180.051 1198.657 1218.966 1238.746 1255.214 1265.430 1266.900 1258.259 1239.813 1213.535 1182.726 1151.246 1122.672 1099.430 1082.594 1071.967 1066.669 1065.694 1068.587 1075.650 1087.884 1106.636 1133.296 1168.850 1213.580 1266.947 1327.557 1393.879 1464.144 1535.379 1600.288 1645.296 1652.245 1604.620 1496.031 1335.546 1147.140 961.360 804.533 690.031 617.934 578.993 561.053 553.959 551.714 551.252 551.247 551.247 551.247 551.247 551.247
1250.624 1235.444 1216.423 1196.744 1179.049 1165.027 1155.219 1149.285 1146.582 1146.570 1149.108 1154.533 1163.468 1176.450 1193.629 1214.460 1237.441 1260.037 1278.953 1290.661 1292.178 1281.875 1260.096 1229.140 1192.817 1155.536 1121.372 1093.137 1072.179 1058.449 1051.108 1049.056 1051.622 1058.789 1071.239 1090.040 1116.369 1151.045 1194.186 1245.123 1302.318 1364.245 1429.260 1494.430 1552.582 1590.505 1590.954 1539.006 1429.958 1273.945 1094.808 921.441 777.461 673.991 609.831 575.585 559.880 553.664 551.681 551.261 551.247 551.247 551.247 551.247 551.247
1299.208 1283.714 1261.535 1236.515 1212.215 1191.328 1175.302 1164.468 1158.485 1156.786 1158.951 1164.957 1175.094 1189.699 1208.833 1231.881 1257.178 1281.913 1302.357 1314.522 1315.087 1302.277 1276.570 1240.628 1198.755 1155.869 1116.479 1083.742 1059.215 1042.950 1034.077 1031.360 1033.883 1041.338 1054.126 1073.094 1099.248 1133.258 1175.106 1223.944 1278.067 1335.905 1395.872 1455.035 1506.393 1537.375 1532.000 1477.160 1369.712 1220.324 1051.928 891.111 758.758 664.201 605.658 574.210 559.559 553.650 551.717 551.279 551.247 551.247 551.247 551.247 551.247
1377.568 1360.808 1333.362 1299.889 1265.144 1233.211 1206.881 1187.521 1175.371 1169.967 1170.606 1176.759 1188.193 1204.828 1226.437 1252.150 1280.042 1306.937 1328.683 1340.870 1339.917 1324.046 1293.957 1252.756 1205.278 1156.953 1112.702 1075.960 1048.433 1030.184 1020.225 1017.115 1019.680 1027.356 1040.351 1059.416 1085.486 1119.169 1160.337 1207.949 1260.046 1314.900 1370.869 1425.033 1470.856 1496.844 1488.607 1434.604 1332.390 1191.937 1034.145 882.995 757.407 666.246 608.402 576.241 560.626 554.090 551.863 551.313 551.247 551.247 551.247 551.247 551.247
1486.984 1467.689 1432.749 1387.797 1339.045 1292.280 1251.947 1220.744 1199.707 1188.587 1186.433 1192.160 1204.902 1224.005 1248.769 1277.914 1309.081 1338.613 1361.861 1374.012 1371.293 1352.030 1317.275 1270.664 1217.622 1164.099 1115.394 1075.176 1045.208 1025.467 1014.738 1011.325 1013.780 1021.355 1034.184 1053.077 1079.051 1112.760 1154.001 1201.509 1252.987 1306.386 1359.855 1410.561 1452.766 1476.486 1469.044 1419.905 1326.152 1195.715 1046.549 900.208 774.885 680.544 618.024 581.549 563.005 554.960 552.112 551.360 551.247 551.247 551.247 551.247 551.247
1617.968 1594.828 1550.741 1492.402 1427.591 1363.910 1307.568 1262.677 1231.146 1213.034 1207.196 1212.036 1226.042 1247.930 1276.415 1309.640 1344.662 1377.229 1402.156 1414.268 1409.723 1387.066 1347.809 1296.171 1238.148 1180.173 1127.832 1084.937 1053.207 1032.434 1021.122 1017.286 1019.245 1026.153 1038.224 1056.479 1082.152 1116.053 1157.924 1206.240 1258.291 1311.571 1363.899 1412.588 1452.934 1476.668 1472.736 1430.987 1347.068 1225.969 1082.403 936.021 805.443 702.931 631.994 588.884 566.207 556.118 552.439 551.417 551.247 551.247 551.247 551.247 551.247
1750.226 1722.414 1668.879 1597.316 1516.958 1437.041 1365.319 1307.164 1265.274 1240.042 1230.229 1233.868 1248.920 1273.510 1305.714 1343.025 1381.811 1417.193 1443.530 1455.438 1449.160 1423.619 1380.835 1325.538 1264.179 1203.464 1149.108 1104.891 1072.376 1051.115 1039.328 1034.794 1035.692 1041.216 1051.790 1068.761 1093.686 1127.552 1170.067 1219.412 1272.440 1326.120 1377.905 1425.267 1464.545 1489.067 1489.064 1454.367 1378.855 1264.652 1123.680 974.442 836.570 724.838 645.262 595.724 569.180 557.207 552.751 551.473 551.247 551.247 551.247 551.247 551.247
1859.436 1827.027 1765.478 1683.273 1590.692 1498.099 1414.293 1345.494 1294.983 1263.471 1249.802 1251.876 1267.359 1293.926 1329.069 1369.606 1411.220 1448.500 1475.524 1486.961 1479.376 1452.173 1407.841 1351.450 1289.593 1228.945 1175.046 1131.438 1099.415 1078.275 1066.041 1060.396 1059.560 1062.909 1071.187 1086.121 1109.595 1142.757 1185.250 1234.949 1288.301 1341.800 1392.563 1438.195 1475.827 1499.967 1501.727 1470.884 1400.069 1289.500 1149.422 997.794 855.034 737.565 652.867 599.645 570.926 557.886 552.964 551.513 551.247 551.247 551.247 551.247 551.247
1925.586 1889.709 1823.175 1734.882 1635.554 1535.968 1445.254 1369.927 1313.561 1277.182 1259.921 1259.888 1274.766 1302.021 1338.659 1380.901 1423.838 1461.700 1488.571 1499.449 1491.438 1464.473 1421.374 1367.241 1308.437 1251.218 1200.625 1159.737 1129.502 1109.005 1096.238 1088.993 1085.734 1086.170 1091.432 1103.600 1124.822 1156.332 1197.641 1246.308 1298.433 1350.161 1398.391 1440.801 1474.947 1495.918 1495.388 1463.427 1392.552 1282.667 1143.640 993.192 851.587 735.240 651.536 599.056 570.770 557.909 553.004 551.526 551.247 551.247 551.247 551.247 551.247
1940.120 1902.695 1835.110 1746.202 1646.450 1546.255 1454.324 1376.922 1317.631 1277.828 1257.176 1254.367 1267.440 1293.898 1330.428 1372.757 1415.524 1452.825 1478.990 1489.612 1482.439 1457.907 1418.953 1370.394 1317.975 1267.186 1222.309 1185.820 1158.286 1138.682 1125.143 1115.793 1109.534 1106.521 1108.284 1117.185 1135.528 1164.506 1203.387 1249.339 1298.152 1345.752 1389.004 1425.661 1453.392 1467.479 1460.062 1422.123 1347.388 1236.961 1101.318 957.732 824.964 717.573 641.366 594.099 568.792 557.303 552.880 551.514 551.247 551.247 551.247 551.247 551.247
1907.582 1870.674 1805.800 1721.312 1626.817 1531.637 1443.434 1367.762 1308.036 1266.025 1242.173 1236.057 1246.372 1270.868 1306.069 1347.336 1389.006 1425.220 1450.729 1461.807 1456.855 1436.678 1404.102 1363.403 1319.461 1276.814 1238.865 1207.454 1182.822 1163.960 1149.303 1137.471 1127.919 1121.289 1119.491 1125.073 1140.369 1166.347 1201.825 1243.418 1286.510 1326.927 1361.753 1389.074 1406.715 1410.142 1392.146 1345.224 1265.270 1155.479 1027.226 896.721 779.946 688.143 624.579 585.897 565.438 556.197 552.613 551.478 551.247 551.247 551.247 551.247 551.247
1842.269 1807.332 1747.773 1671.144 1585.770 1499.417 1418.292 1346.994 1288.660 1245.512 1218.895 1209.454 1216.682 1238.735 1272.106 1311.927 1352.387 1387.764 1413.273 1425.810 1424.288 1409.664 1384.491 1352.339 1317.178 1282.591 1251.196 1224.304 1201.974 1183.322 1167.201 1152.767 1140.038 1130.097 1125.175 1127.919 1140.539 1163.559 1195.043 1230.746 1265.508 1295.170 1317.453 1331.325 1335.240 1325.285 1295.299 1239.600 1156.452 1051.042 935.089 822.889 726.791 654.126 605.484 576.645 561.642 554.915 552.286 551.429 551.247 551.247 551.247 551.247 551.247
1762.313 1729.630 1676.171 1608.613 1533.823 1457.858 1385.364 1319.904 1264.311 1221.204 1192.802 1180.752 1185.349 1205.197 1236.894 1275.526 1315.257 1350.576 1377.062 1392.044 1394.698 1385.932 1367.865 1343.373 1315.616 1287.422 1260.863 1236.955 1215.752 1196.624 1178.841 1162.053 1146.732 1134.254 1127.099 1127.926 1138.681 1159.196 1186.408 1214.852 1238.661 1253.869 1259.348 1255.791 1243.113 1218.734 1177.905 1116.668 1035.009 939.136 840.009 749.239 675.340 622.029 587.805 568.162 558.155 553.711 551.964 551.377 551.247 551.247 551.247 551.247 551.247
1684.241 1652.688 1604.204 1544.688 1479.651 1413.579 1349.701 1290.633 1238.871 1197.276 1168.658 1155.382 1158.374 1176.674 1207.148 1245.042 1284.699 1320.823 1349.234 1367.409 1374.504 1371.144 1358.963 1340.236 1317.522 1293.201 1269.106 1246.240 1224.855 1204.642 1185.267 1166.736 1149.778 1135.881 1127.660 1127.706 1137.562 1156.132 1178.874 1198.807 1209.270 1206.737 1191.810 1167.827 1137.068 1098.982 1050.439 988.676 914.238 832.923 753.741 685.153 632.227 595.985 573.798 561.530 555.427 552.753 551.699 551.332 551.247 551.247 551.247 551.247 551.247
1619.624 1586.861 1540.685 1486.436 1428.604 1370.464 1314.152 1261.517 1214.642 1176.283 1149.383 1136.562 1139.088 1156.429 1185.927 1223.278 1263.231 1300.756 1331.741 1353.534 1364.984 1366.253 1358.464 1343.414 1323.314 1300.379 1276.502 1252.938 1230.289 1208.636 1187.976 1168.520 1151.053 1136.964 1128.873 1129.199 1138.958 1155.961 1173.981 1184.397 1179.843 1157.540 1120.324 1074.873 1026.504 977.066 924.914 867.715 805.288 741.710 683.225 635.195 600.043 577.233 563.960 556.918 553.515 552.061 551.496 551.295 551.247 551.247 551.247 551.247 551.247
1574.314 1537.420 1490.097 1437.460 1383.413 1330.509 1280.212 1233.762 1192.678 1159.197 1135.807 1124.865 1127.706 1144.248 1172.546 1209.085 1249.252 1288.336 1322.164 1347.713 1363.292 1368.470 1363.865 1350.915 1331.668 1308.382 1283.219 1257.841 1233.315 1210.142 1188.609 1169.026 1152.068 1138.844 1131.824 1133.153 1143.222 1158.695 1171.731 1172.257 1152.500 1110.721 1052.189 987.042 923.671 866.199 814.073 764.745 716.458 670.854 631.223 600.272 578.675 565.336 557.922 554.135 552.363 551.638 551.368 551.271 551.247 551.247 551.247 551.247 551.247
1548.961 1505.218 1453.449 1398.859 1345.207 1294.818 1248.853 1208.068 1173.260 1145.698 1126.920 1118.591 1121.931 1137.361 1163.891 1199.047 1239.042 1279.514 1316.122 1345.315 1364.741 1373.342 1371.244 1359.620 1340.457 1316.142 1289.150 1261.594 1235.043 1210.434 1188.346 1169.143 1153.331 1141.617 1136.166 1138.750 1149.079 1162.846 1170.948 1162.371 1129.303 1071.135 995.234 914.599 840.109 777.651 727.401 686.348 651.031 620.696 596.048 577.794 565.598 558.375 554.503 552.588 551.727 551.403 551.294 551.256 551.247 551.247 551.247 551.247 551.247
1539.762 1487.478 1429.035 1369.945 1314.159 1264.120 1220.959 1185.018 1156.228 1134.636 1120.527 1114.679 1118.145 1131.933 1156.134 1189.425 1228.888 1270.468 1309.599 1342.157 1365.129 1376.856 1377.060 1366.700 1347.719 1322.591 1294.032 1264.535 1236.111 1210.133 1187.511 1168.718 1154.107 1143.984 1140.088 1143.699 1153.912 1165.741 1169.471 1153.844 1111.396 1042.436 955.613 865.477 784.288 719.015 670.384 635.221 608.964 589.125 574.545 564.548 558.196 554.588 552.705 551.801 551.416 551.291 551.260 551.250 551.247 551.247 551.247 551.247 551.247
1539.758 1478.865 1413.209 1348.690 1289.602 1238.685 1197.146 1164.942 1141.106 1124.427 1113.975 1109.722 1112.648 1124.395 1146.106 1177.500 1216.388 1258.918 1300.266 1335.781 1361.888 1376.471 1378.962 1370.167 1351.940 1326.739 1297.352 1266.473 1236.437 1209.031 1185.533 1166.646 1152.687 1143.643 1140.772 1144.818 1154.357 1164.132 1164.564 1144.934 1098.439 1025.896 936.046 843.302 759.912 693.163 644.373 610.926 588.266 573.217 563.587 557.811 554.479 552.724 551.843 551.442 551.286 551.249 551.247 551.247 551.247 551.247 551.247 551.247 551.247
1540.374 1472.585 1401.046 1331.957 1269.927 1217.953 1177.296 1147.541 1126.951 1113.301 1104.773 1100.863 1102.662 1112.411 1132.103 1162.185 1200.901 1244.439 1287.695 1325.602 1354.230 1371.216 1375.857 1368.877 1352.024 1327.596 1298.236 1266.631 1235.259 1206.241 1181.261 1161.383 1147.053 1138.118 1135.371 1139.037 1147.329 1155.109 1153.662 1133.468 1088.603 1019.878 934.904 846.251 764.773 697.403 646.186 609.926 585.305 569.591 560.352 555.487 553.072 551.986 551.512 551.325 551.258 551.247 551.247 551.247 551.247 551.247 551.247 551.247 551.247
1533.294 1461.740 1387.159 1315.826 1252.482 1200.189 1160.148 1131.634 1112.397 1099.647 1091.222 1086.558 1087.047 1095.411 1114.132 1143.964 1183.225 1227.939 1272.742 1312.316 1342.595 1361.219 1367.549 1362.336 1347.212 1324.205 1295.629 1263.912 1231.483 1200.677 1173.569 1151.681 1135.760 1125.733 1122.032 1124.439 1130.981 1136.988 1135.094 1117.451 1079.098 1020.380 946.825 867.874 791.908 724.919 669.739 627.191 596.178 575.379 562.833 556.235 553.124 551.868 551.417 551.287 551.251 551.247 551.247 551.247 551.247 551.247 551.247 551.247 551.247
