prediction_s2s__medianmodel_07-Feb-2021_6thday.asc
ncols	141
nrows	288
xllcorner	-120191.398
yllcorner	-301404.813
cellsize	2000.000
NODATA_value	-999.250
[rows 56 to 83 of 288, columns 0 to 63 of 141]
500.571 717.695 931.662 1025.857 1075.377 1091.401 1096.362 1097.305 1097.404 1097.404 1097.404 1097.404 1097.404 1097.404 1097.404 1097.404 1097.404 1097.404 1097.404 1097.404 1097.404 1097.404 1097.404 1097.404 1097.404 1097.404 1097.404 1097.253 1096.420 1093.248 1085.172 1069.662 1045.226 1012.589 975.556 940.105 911.902 894.567 888.704 892.246 901.199 911.285 919.053 922.268 919.697 911.263 898.001 881.660 864.237 847.589 833.117 821.677 813.769 809.765 810.131 815.521 826.767 844.559 869.081 899.617 934.339 970.310 1003.914 1031.661
500.571 717.695 931.662 1025.857 1075.377 1091.401 1096.362 1097.305 1097.404 1097.404 1097.404 1097.404 1097.404 1097.404 1097.404 1097.404 1097.404 1097.404 1097.404 1097.404 1097.404 1097.404 1097.404 1097.404 1097.404 1097.404 1097.404 1097.336 1096.898 1094.728 1088.300 1074.858 1052.486 1021.380 984.849 948.904 919.753 901.603 895.409 899.332 909.355 920.935 930.382 935.315 934.361 927.214 914.668 898.307 880.096 861.972 845.542 831.952 822.014 816.358 815.644 820.635 832.173 850.928 877.064 909.881 947.603 987.387 1025.685 1058.997
500.571 717.695 931.662 1025.857 1075.377 1091.401 1096.362 1097.305 1097.404 1097.404 1097.404 1097.404 1097.404 1097.404 1097.404 1097.404 1097.404 1097.404 1097.404 1097.404 1097.404 1097.404 1097.404 1097.404 1097.404 1097.404 1097.404 1097.379 1097.176 1095.740 1090.639 1078.999 1058.609 1029.271 993.824 958.191 928.898 910.606 904.539 908.967 919.902 932.649 943.317 949.442 949.603 943.338 931.250 914.785 895.879 876.522 858.472 843.108 831.491 824.469 822.863 827.517 839.289 858.827 886.298 921.041 961.407 1004.707 1047.543 1086.463
500.571 717.695 931.662 1025.857 1075.377 1091.401 1096.362 1097.305 1097.404 1097.404 1097.404 1097.404 1097.404 1097.404 1097.404 1097.404 1097.404 1097.404 1097.404 1097.404 1097.404 1097.404 1097.404 1097.404 1097.404 1097.404 1097.404 1097.398 1097.318 1096.399 1092.325 1082.184 1063.588 1036.068 1002.118 967.531 938.982 921.397 916.156 921.449 933.295 946.935 958.388 965.157 965.905 960.110 948.243 931.651 912.240 892.018 872.826 856.188 843.344 835.285 832.953 837.261 849.082 869.066 897.412 933.546 975.971 1022.196 1069.004 1113.040
500.571 717.695 931.662 1025.857 1075.377 1091.401 1096.362 1097.305 1097.404 1097.404 1097.404 1097.404 1097.404 1097.404 1097.404 1097.404 1097.404 1097.404 1097.404 1097.404 1097.404 1097.404 1097.404 1097.404 1097.404 1097.404 1097.404 1097.403 1097.377 1096.797 1093.460 1084.466 1067.367 1041.562 1009.399 976.565 949.727 933.858 930.312 936.978 949.826 964.117 975.908 982.786 983.614 977.904 966.061 949.365 929.694 909.030 889.235 871.898 858.339 849.628 846.763 850.702 862.338 882.350 911.001 947.833 991.525 1039.795 1089.617 1137.748
500.571 717.695 931.662 1025.857 1075.377 1091.401 1096.362 1097.305 1097.404 1097.404 1097.404 1097.404 1097.404 1097.404 1097.404 1097.404 1097.404 1097.404 1097.404 1097.404 1097.404 1097.404 1097.404 1097.404 1097.404 1097.404 1097.404 1097.404 1097.397 1097.012 1094.123 1085.875 1069.863 1045.513 1015.274 984.794 960.620 947.525 946.597 955.210 969.210 983.952 995.676 1002.188 1002.661 996.711 984.746 968.006 948.339 927.666 907.824 890.388 876.676 867.751 864.610 868.211 879.460 899.076 927.409 964.150 1008.153 1057.347 1108.893 1159.687
500.571 717.695 931.662 1025.857 1075.377 1091.401 1096.362 1097.305 1097.404 1097.404 1097.404 1097.404 1097.404 1097.404 1097.404 1097.404 1097.404 1097.404 1097.404 1097.404 1097.404 1097.404 1097.404 1097.404 1097.404 1097.404 1097.404 1097.404 1097.404 1097.080 1094.346 1086.408 1071.016 1047.796 1019.533 991.911 971.258 961.899 964.383 975.404 990.636 1005.602 1016.868 1022.604 1022.360 1015.924 1003.749 987.071 967.690 947.461 928.137 911.224 897.962 889.337 886.268 889.658 900.403 919.259 946.674 982.491 1025.760 1074.616 1126.432 1178.256
500.571 717.695 931.662 1025.857 1075.377 1091.401 1096.362 1097.305 1097.404 1097.404 1097.404 1097.404 1097.404 1097.404 1097.404 1097.404 1097.404 1097.404 1097.404 1097.404 1097.404 1097.404 1097.404 1097.404 1097.404 1097.404 1097.404 1097.404 1097.400 1097.001 1094.106 1086.017 1070.745 1048.303 1022.008 997.661 981.235 976.354 982.780 996.439 1012.825 1027.718 1038.153 1042.779 1041.561 1034.490 1022.114 1005.675 986.923 967.615 949.397 933.650 921.471 913.707 911.130 914.537 924.762 942.583 968.544 1002.648 1044.157 1091.434 1142.078 1193.339
500.571 717.695 931.662 1025.857 1075.377 1091.401 1096.362 1097.305 1097.404 1097.404 1097.404 1097.404 1097.404 1097.404 1097.404 1097.404 1097.404 1097.404 1097.404 1097.404 1097.404 1097.404 1097.404 1097.404 1097.404 1097.404 1097.404 1097.404 1097.382 1096.767 1093.406 1084.739 1069.143 1047.189 1022.872 1002.084 990.322 990.309 1000.792 1016.977 1034.239 1048.694 1057.955 1061.256 1058.955 1051.260 1038.838 1022.951 1005.270 987.433 970.948 957.016 946.554 940.208 938.559 942.235 951.986 968.574 992.632 1024.339 1063.182 1107.780 1155.992 1205.304
500.571 717.695 931.662 1025.857 1075.377 1091.401 1096.362 1097.305 1097.404 1097.404 1097.404 1097.404 1097.404 1097.404 1097.404 1097.404 1097.404 1097.404 1097.404 1097.404 1097.404 1097.404 1097.404 1097.404 1097.404 1097.404 1097.404 1097.404 1097.335 1096.365 1092.263 1082.645 1066.341 1044.640 1022.224 1005.056 998.035 1002.831 1017.081 1035.394 1053.120 1066.795 1074.683 1076.635 1073.359 1065.283 1053.203 1038.391 1022.405 1006.721 992.658 981.199 973.033 968.584 968.211 972.353 981.642 996.823 1018.616 1047.374 1082.833 1123.878 1168.663 1214.942
500.571 717.695 931.662 1025.857 1075.377 1091.401 1096.362 1097.305 1097.404 1097.404 1097.404 1097.404 1097.404 1097.404 1097.404 1097.404 1097.404 1097.404 1097.404 1097.404 1097.404 1097.404 1097.404 1097.404 1097.404 1097.404 1097.404 1097.404 1097.245 1095.779 1090.691 1079.823 1062.517 1040.878 1020.242 1006.547 1003.994 1013.139 1030.505 1050.315 1068.009 1080.631 1087.117 1087.932 1084.061 1076.144 1065.085 1052.142 1038.693 1026.002 1015.130 1006.799 1001.439 999.227 1000.298 1004.920 1013.626 1027.159 1046.344 1071.723 1103.271 1140.157 1180.826 1223.311
500.571 717.695 931.662 1025.857 1075.377 1091.401 1096.362 1097.305 1097.404 1097.404 1097.404 1097.404 1097.404 1097.404 1097.404 1097.404 1097.404 1097.404 1097.404 1097.404 1097.404 1097.404 1097.404 1097.404 1097.404 1097.404 1097.404 1097.400 1097.078 1094.951 1088.633 1076.223 1057.631 1035.849 1016.771 1006.215 1007.603 1020.384 1040.064 1060.697 1077.941 1089.410 1094.722 1094.888 1091.111 1084.213 1075.171 1065.157 1055.310 1046.596 1039.755 1035.186 1033.021 1033.187 1035.622 1040.474 1048.236 1059.718 1075.892 1097.499 1124.751 1157.071 1193.174 1231.370
500.571 717.695 931.662 1025.857 1075.377 1091.401 1096.362 1097.305 1097.404 1097.404 1097.404 1097.404 1097.404 1097.404 1097.404 1097.404 1097.404 1097.404 1097.404 1097.404 1097.404 1097.404 1097.404 1097.404 1097.404 1097.404 1097.404 1097.382 1096.801 1093.835 1086.053 1071.826 1051.672 1029.487 1011.601 1003.654 1008.259 1023.814 1045.015 1065.908 1082.479 1092.952 1097.595 1097.880 1095.177 1090.446 1084.675 1078.877 1073.869 1070.232 1068.296 1068.078 1069.377 1071.863 1075.332 1079.893 1086.107 1094.945 1107.596 1125.021 1147.637 1175.102 1206.352 1239.954
500.571 717.695 931.662 1025.857 1075.377 1091.401 1096.362 1097.305 1097.404 1097.404 1097.404 1097.404 1097.404 1097.404 1097.404 1097.404 1097.404 1097.404 1097.404 1097.404 1097.404 1097.404 1097.404 1097.404 1097.404 1097.404 1097.404 1097.339 1096.377 1092.384 1082.890 1066.564 1044.564 1021.662 1004.531 998.563 1005.597 1023.081 1045.116 1065.883 1081.775 1091.626 1096.324 1097.698 1097.243 1096.004 1094.914 1094.736 1095.872 1098.440 1102.275 1106.945 1111.873 1116.486 1120.497 1124.077 1127.984 1133.467 1142.003 1154.793 1172.455 1194.815 1221.013 1249.850
500.571 717.695 931.662 1025.857 1075.377 1091.401 1096.362 1097.305 1097.404 1097.404 1097.404 1097.404 1097.404 1097.404 1097.404 1097.404 1097.404 1097.404 1097.404 1097.404 1097.404 1097.404 1097.404 1097.404 1097.404 1097.404 1097.404 1097.252 1095.773 1090.546 1079.090 1060.388 1036.285 1012.367 995.570 990.996 999.741 1018.411 1040.745 1061.151 1076.476 1086.204 1091.765 1095.260 1098.267 1101.862 1106.827 1113.595 1122.092 1131.883 1142.256 1152.276 1160.958 1167.497 1171.575 1173.528 1174.423 1175.893 1179.753 1187.465 1199.845 1216.870 1237.860 1261.848
500.571 717.695 931.662 1025.857 1075.377 1091.401 1096.362 1097.305 1097.404 1097.404 1097.404 1097.404 1097.404 1097.404 1097.404 1097.404 1097.404 1097.404 1097.404 1097.404 1097.404 1097.404 1097.404 1097.404 1097.404 1097.404 1097.400 1097.088 1094.916 1088.207 1074.505 1053.125 1026.686 1001.511 984.735 981.117 991.024 1010.331 1032.595 1052.517 1067.469 1077.567 1084.755 1091.302 1098.837 1108.397 1120.551 1135.318 1152.108 1169.902 1187.399 1203.134 1215.707 1224.107 1228.029 1228.028 1225.550 1222.641 1221.481 1223.792 1230.596 1242.047 1257.671 1276.740
500.571 717.695 931.662 1025.857 1075.377 1091.401 1096.362 1097.305 1097.404 1097.404 1097.404 1097.404 1097.404 1097.404 1097.404 1097.404 1097.404 1097.404 1097.404 1097.404 1097.404 1097.404 1097.404 1097.404 1097.404 1097.404 1097.384 1096.813 1093.754 1085.305 1069.064 1044.759 1015.844 989.282 972.345 969.385 980.054 999.579 1021.499 1040.857 1055.597 1066.472 1075.851 1086.110 1098.905 1115.168 1135.202 1158.572 1184.156 1210.363 1235.307 1257.010 1273.693 1284.160 1288.146 1286.432 1280.807 1273.698 1267.587 1264.452 1265.538 1271.231 1281.327 1295.369
500.571 717.695 931.662 1025.857 1075.377 1091.401 1096.362 1097.305 1097.404 1097.404 1097.404 1097.404 1097.404 1097.404 1097.404 1097.404 1097.404 1097.404 1097.404 1097.404 1097.404 1097.404 1097.404 1097.404 1097.404 1097.404 1097.342 1096.388 1092.229 1081.773 1062.739 1035.352 1003.959 976.086 959.027 956.631 967.812 987.246 1008.555 1027.193 1041.737 1053.559 1065.375 1079.628 1097.948 1121.139 1149.182 1181.194 1215.552 1250.135 1282.542 1310.340 1331.447 1344.519 1349.319 1346.782 1338.928 1328.415 1317.926 1309.654 1305.107 1304.986 1309.441 1318.334
500.571 717.695 931.662 1025.857 1075.377 1091.401 1096.362 1097.305 1097.404 1097.404 1097.404 1097.404 1097.404 1097.404 1097.404 1097.404 1097.404 1097.404 1097.404 1097.404 1097.404 1097.404 1097.404 1097.404 1097.404 1097.404 1097.256 1095.776 1090.288 1077.569 1055.522 1025.013 991.296 962.363 945.398 943.630 955.173 974.272 994.697 1012.390 1026.609 1039.306 1053.464 1071.554 1095.175 1124.963 1160.577 1200.713 1243.305 1285.792 1325.357 1359.242 1385.141 1401.622 1408.418 1406.494 1397.901 1385.319 1371.485 1358.756 1348.940 1343.145 1341.960 1345.590
500.571 717.695 931.662 1025.857 1075.377 1091.401 1096.362 1097.305 1097.404 1097.404 1097.404 1097.404 1097.404 1097.404 1097.404 1097.404 1097.404 1097.404 1097.404 1097.404 1097.404 1097.404 1097.404 1097.404 1097.404 1097.400 1097.094 1094.900 1087.811 1072.536 1047.271 1013.668 977.889 948.284 931.753 930.790 942.660 961.259 980.568 997.096 1010.771 1024.084 1040.194 1061.613 1089.885 1125.489 1167.782 1215.090 1264.971 1314.528 1360.665 1400.434 1431.433 1452.171 1462.297 1462.642 1455.060 1442.035 1426.202 1410.034 1395.639 1384.584 1377.941 1376.268
500.571 717.695 931.662 1025.857 1075.377 1091.401 1096.362 1097.305 1097.404 1097.404 1097.404 1097.404 1097.404 1097.404 1097.404 1097.404 1097.404 1097.404 1097.404 1097.404 1097.404 1097.404 1097.404 1097.404 1097.404 1097.384 1096.817 1093.698 1084.730 1066.622 1037.986 1001.408 963.893 934.028 918.277 918.280 930.462 948.455 966.501 981.707 994.641 1008.234 1025.762 1049.779 1081.800 1122.171 1169.978 1223.234 1279.198 1334.733 1386.603 1431.814 1467.984 1493.598 1508.156 1512.221 1507.261 1495.394 1479.025 1460.674 1442.720 1427.160 1415.510 1408.679
500.571 717.695 931.662 1025.857 1075.377 1091.401 1096.362 1097.305 1097.404 1097.404 1097.404 1097.404 1097.404 1097.404 1097.404 1097.404 1097.404 1097.404 1097.404 1097.404 1097.404 1097.404 1097.404 1097.404 1097.404 1097.341 1096.386 1092.113 1080.980 1059.796 1027.719 988.371 949.515 919.840 905.204 906.319 918.802 936.119 952.826 966.629 978.682 992.229 1010.617 1036.450 1071.248 1115.243 1167.301 1225.175 1285.894 1346.165 1402.720 1452.655 1493.680 1524.290 1543.834 1552.499 1551.291 1541.852 1526.310 1507.127 1486.859 1467.833 1451.907 1440.282
500.571 717.695 931.662 1025.857 1075.377 1091.401 1096.362 1097.305 1097.404 1097.404 1097.404 1097.404 1097.404 1097.404 1097.404 1097.404 1097.404 1097.404 1097.404 1097.404 1097.404 1097.404 1097.404 1097.404 1097.404 1097.255 1095.760 1090.097 1076.533 1052.073 1016.579 974.755 934.998 905.924 892.673 894.977 907.735 924.358 939.754 952.216 963.377 976.671 995.464 1022.419 1059.081 1105.595 1160.659 1221.825 1285.929 1349.600 1409.614 1463.224 1508.312 1543.422 1567.751 1581.165 1584.188 1578.016 1564.425 1545.736 1524.507 1503.216 1483.919 1468.063
500.571 717.695 931.662 1025.857 1075.377 1091.401 1096.362 1097.305 1097.404 1097.404 1097.404 1097.404 1097.404 1097.404 1097.404 1097.404 1097.404 1097.404 1097.404 1097.404 1097.404 1097.404 1097.404 1097.404 1097.404 1097.107 1094.908 1087.615 1071.389 1043.545 1004.794 960.877 920.686 892.592 880.911 884.393 897.388 913.335 927.569 938.903 949.330 962.322 981.235 1008.775 1046.515 1094.545 1151.438 1214.593 1280.714 1346.379 1408.454 1464.395 1512.275 1550.752 1578.969 1596.561 1603.698 1601.170 1590.394 1573.389 1552.514 1530.176 1508.485 1489.091
500.571 717.695 931.662 1025.857 1075.377 1091.401 1096.362 1097.305 1097.404 1097.404 1097.404 1097.404 1097.404 1097.404 1097.404 1097.404 1097.404 1097.404 1097.404 1097.404 1097.404 1097.404 1097.404 1097.404 1097.400 1096.877 1093.812 1084.696 1065.676 1034.479 992.779 947.246 907.095 880.278 870.239 874.817 887.998 903.357 916.684 927.238 937.222 950.021 968.927 996.657 1034.798 1083.408 1140.982 1204.829 1271.572 1337.766 1400.388 1457.081 1506.159 1546.442 1577.164 1597.896 1608.608 1609.762 1602.375 1588.012 1568.613 1546.314 1523.166 1501.015
500.571 717.695 931.662 1025.857 1075.377 1091.401 1096.362 1097.305 1097.404 1097.404 1097.404 1097.404 1097.404 1097.404 1097.404 1097.404 1097.404 1097.404 1097.404 1097.404 1097.404 1097.404 1097.404 1097.404 1097.384 1096.545 1092.459 1081.370 1059.507 1025.120 980.911 934.331 894.726 869.485 861.145 866.742 880.085 894.986 907.707 917.881 927.760 940.543 959.396 986.994 1024.917 1073.199 1130.319 1193.546 1259.487 1324.708 1386.291 1442.076 1490.618 1531.000 1562.688 1585.368 1598.936 1603.599 1599.905 1588.821 1571.720 1550.327 1526.585 1502.518
500.571 717.695 931.662 1025.857 1075.377 1091.401 1096.362 1097.305 1097.404 1097.404 1097.404 1097.404 1097.404 1097.404 1097.404 1097.404 1097.404 1097.404 1097.404 1097.404 1097.404 1097.404 1097.404 1097.404 1097.342 1096.085 1090.832 1077.643 1052.940 1015.615 969.397 922.355 883.795 860.422 853.835 860.431 873.979 888.620 901.074 911.275 921.391 934.343 953.125 980.314 1017.430 1064.505 1120.042 1181.346 1245.064 1307.811 1366.790 1420.038 1466.397 1505.301 1536.556 1560.093 1575.834 1583.728 1583.805 1576.359 1562.103 1542.312 1518.800 1493.741
500.571 717.695 931.662 1025.857 1075.377 1091.401 1096.362 1097.305 1097.404 1097.404 1097.404 1097.404 1097.404 1097.404 1097.404 1097.404 1097.404 1097.404 1097.404 1097.404 1097.404 1097.404 1097.404 1097.404 1097.257 1095.467 1088.895 1073.504 1045.993 1006.013 958.275 911.323 874.254 853.019 848.268 855.912 869.788 884.417 896.957 907.570 918.223 931.524 950.231 976.763 1012.545 1057.601 1110.497 1168.638 1228.761 1287.611 1342.539 1391.814 1434.610 1470.765 1500.514 1524.074 1541.419 1552.221 1555.984 1552.305 1541.258 1523.695 1501.276 1476.265
