prediction_s2s__medianmodel_07-Feb-2021_2ndday.asc
ncols	141
nrows	288
xllcorner	-120191.398
yllcorner	-301404.813
cellsize	2000.000
NODATA_value	-999.250
[rows 232 to 260 of 288, columns 65 to 129 of 141]
1578.826 1589.052 1596.031 1601.165 1604.543 1605.226 1601.659 1591.874 1573.733 1545.217 1504.954 1452.936 1390.943 1322.326 1251.306 1182.154 1118.294 1062.086 1014.905 977.380 949.568 931.112 921.179 918.471 921.442 928.912 939.519 951.383 961.786 967.257 965.636 957.790 947.443 939.090 935.699 936.454 938.192 937.776 933.935 927.465 919.956 912.191 903.706 894.048 883.546 873.423 864.972 858.882 854.949 852.632 851.349 850.714 850.474 850.435 850.435 850.435 850.435 850.435 850.435 850.435 850.435 850.435 850.435 850.435 850.435
1586.541 1593.148 1596.870 1598.892 1599.166 1596.676 1589.824 1576.553 1554.702 1522.383 1478.556 1423.693 1359.959 1290.817 1220.268 1152.072 1089.084 1033.270 985.878 947.680 918.984 899.657 888.991 885.750 888.560 896.524 908.513 922.578 935.496 943.115 942.793 935.149 923.829 913.585 907.905 906.500 906.651 905.521 901.846 896.194 890.081 884.408 878.983 873.422 867.730 862.400 858.013 854.875 852.827 851.596 850.904 850.567 850.449 850.435 850.435 850.435 850.435 850.435 850.435 850.435 850.435 850.435 850.435 850.435 850.435
1575.709 1579.669 1581.617 1582.391 1581.685 1578.257 1570.318 1555.714 1532.338 1498.573 1453.852 1399.122 1336.786 1270.155 1202.718 1137.500 1076.694 1021.860 974.216 934.767 904.221 882.827 870.193 865.366 867.322 875.462 888.756 904.944 920.133 929.579 930.350 922.929 910.869 899.057 891.217 887.494 885.731 883.643 880.132 875.516 870.977 867.209 864.036 861.123 858.361 855.871 853.868 852.456 851.525 850.959 850.638 850.486 850.438 850.435 850.435 850.435 850.435 850.435 850.435 850.435 850.435 850.435 850.435 850.435 850.435
1545.651 1548.240 1550.239 1552.022 1552.868 1551.153 1544.795 1531.510 1509.318 1476.967 1434.392 1382.891 1324.904 1263.360 1201.052 1140.205 1082.351 1028.719 980.519 939.064 905.539 880.741 864.813 857.326 857.755 865.735 880.074 897.913 914.567 924.893 925.933 918.211 905.304 892.154 882.456 876.609 873.023 869.992 866.614 862.979 859.840 857.565 855.900 854.550 853.399 852.426 851.677 851.165 850.829 850.620 850.503 850.449 850.435 850.435 850.435 850.435 850.435 850.435 850.435 850.435 850.435 850.435 850.435 850.435 850.435
1499.553 1502.472 1506.610 1511.739 1516.589 1519.021 1516.594 1506.943 1488.295 1459.804 1421.853 1375.961 1324.414 1269.645 1213.746 1158.190 1103.955 1051.929 1003.312 959.650 922.603 893.612 873.540 862.671 861.044 868.367 883.010 901.309 917.882 927.465 927.359 918.373 904.223 889.800 878.546 870.954 865.909 862.168 858.952 856.152 854.119 852.886 852.123 851.588 851.205 850.919 850.724 850.606 850.529 850.479 850.451 850.438 850.435 850.435 850.435 850.435 850.435 850.435 850.435 850.435 850.435 850.435 850.435 850.435 850.435
1442.927 1448.153 1456.462 1466.936 1477.640 1485.887 1488.923 1484.378 1470.745 1447.600 1415.673 1376.571 1332.370 1285.038 1236.096 1186.456 1136.633 1087.174 1039.131 994.100 954.092 921.166 896.949 882.493 878.329 884.082 897.507 914.199 928.375 935.048 932.059 920.691 904.850 889.205 876.741 867.940 861.979 857.888 854.930 852.835 851.619 851.061 850.784 850.614 850.516 850.461 850.438 850.435 850.435 850.435 850.435 850.435 850.435 850.435 850.435 850.435 850.435 850.435 850.435 850.435 850.435 850.435 850.435 850.435 850.435
1382.028 1391.390 1405.423 1422.465 1439.921 1454.619 1463.611 1464.624 1456.464 1439.051 1413.349 1380.988 1343.862 1303.669 1261.625 1218.309 1173.898 1128.545 1082.951 1038.517 997.347 961.918 934.465 916.644 909.319 911.915 921.708 933.934 942.961 944.489 937.132 922.658 905.029 888.445 875.315 865.965 859.686 855.601 852.968 851.413 850.725 850.535 850.488 850.462 850.446 850.438 850.435 850.435 850.435 850.435 850.435 850.435 850.435 850.435 850.435 850.435 850.435 850.435 850.435 850.435 850.435 850.435 850.435 850.435 850.435
1322.362 1337.119 1357.613 1381.461 1405.520 1426.299 1440.812 1446.974 1443.861 1431.625 1411.349 1384.664 1353.426 1319.339 1283.643 1246.858 1208.917 1169.520 1128.826 1087.756 1048.170 1012.583 983.437 962.633 951.151 948.329 951.417 956.029 957.357 952.143 939.771 922.289 903.362 886.476 873.385 864.179 858.138 854.364 852.105 850.929 850.504 850.435 850.435 850.435 850.435 850.435 850.435 850.435 850.435 850.435 850.435 850.435 850.435 850.435 850.435 850.435 850.435 850.435 850.435 850.435 850.435 850.435 850.435 850.435 850.435
1268.219 1288.717 1315.399 1345.290 1374.875 1400.582 1419.537 1429.871 1430.816 1422.596 1406.306 1383.620 1356.562 1327.157 1296.972 1266.686 1236.073 1204.335 1170.966 1136.154 1101.169 1068.056 1038.898 1015.382 998.444 987.654 980.975 975.284 967.245 954.780 937.829 918.289 899.108 882.822 870.528 862.072 856.674 853.426 851.597 850.735 850.467 850.435 850.435 850.435 850.435 850.435 850.435 850.435 850.435 850.435 850.435 850.435 850.435 850.435 850.435 850.435 850.435 850.435 850.435 850.435 850.435 850.435 850.435 850.435 850.435
1222.591 1248.190 1279.858 1314.213 1347.641 1376.698 1398.722 1411.987 1415.717 1410.025 1395.961 1375.349 1350.621 1324.389 1298.781 1274.743 1251.921 1228.999 1204.748 1178.499 1150.602 1122.147 1094.255 1067.994 1044.243 1023.308 1004.672 987.289 969.634 950.702 930.561 910.481 892.312 877.578 866.790 859.578 855.113 852.536 851.175 850.597 850.447 850.435 850.435 850.435 850.435 850.435 850.435 850.435 850.435 850.435 850.435 850.435 850.435 850.435 850.435 850.435 850.435 850.435 850.435 850.435 850.435 850.435 850.435 850.435 850.435
1187.548 1216.729 1251.488 1288.275 1323.597 1354.314 1377.972 1392.844 1397.940 1393.144 1379.466 1359.045 1334.938 1310.549 1288.640 1270.410 1255.324 1241.547 1227.168 1210.628 1191.188 1168.578 1142.529 1113.245 1081.716 1049.502 1018.312 989.610 963.681 940.206 918.879 899.934 883.958 871.545 862.759 857.073 853.665 851.785 850.861 850.511 850.437 850.435 850.435 850.435 850.435 850.435 850.435 850.435 850.435 850.435 850.435 850.435 850.435 850.435 850.435 850.435 850.435 850.435 850.435 850.435 850.435 850.435 850.435 850.435 850.435
1164.268 1194.955 1230.571 1267.640 1302.982 1333.792 1357.723 1372.856 1377.829 1372.246 1357.204 1335.339 1310.522 1286.999 1268.094 1255.106 1247.193 1242.023 1237.091 1230.065 1219.087 1202.346 1178.019 1145.470 1106.059 1063.004 1020.527 982.599 950.935 925.383 904.864 888.394 875.366 865.662 859.035 854.897 852.495 851.234 850.660 850.466 850.435 850.435 850.435 850.435 850.435 850.435 850.435 850.435 850.435 850.435 850.435 850.435 850.435 850.435 850.435 850.435 850.435 850.435 850.435 850.435 850.435 850.435 850.435 850.435 850.435
1153.134 1183.054 1217.306 1252.689 1286.412 1315.934 1338.843 1352.850 1356.165 1348.187 1330.269 1305.756 1279.404 1256.218 1239.866 1231.524 1229.885 1232.137 1235.314 1236.478 1232.767 1220.924 1197.747 1162.026 1115.757 1063.893 1013.023 969.082 934.632 909.240 890.904 877.525 867.601 860.533 855.919 853.164 851.624 850.859 850.541 850.446 850.435 850.435 850.435 850.435 850.435 850.435 850.435 850.435 850.435 850.435 850.435 850.435 850.435 850.435 850.435 850.435 850.435 850.435 850.435 850.435 850.435 850.435 850.435 850.435 850.435
1153.469 1180.520 1211.472 1243.545 1274.296 1301.306 1321.933 1333.436 1333.634 1321.908 1300.047 1272.212 1244.013 1221.028 1206.996 1202.734 1206.350 1214.595 1224.120 1231.533 1233.148 1224.572 1201.701 1163.203 1111.914 1054.317 998.804 952.442 917.972 894.388 878.887 868.569 861.404 856.558 853.591 851.925 851.034 850.627 850.475 850.437 850.435 850.435 850.435 850.435 850.435 850.435 850.435 850.435 850.435 850.435 850.435 850.435 850.435 850.435 850.435 850.435 850.435 850.435 850.435 850.435 850.435 850.435 850.435 850.435 850.435
1163.555 1186.012 1212.115 1239.548 1266.148 1289.479 1306.582 1314.320 1310.271 1293.974 1267.770 1236.614 1206.799 1184.200 1172.417 1171.764 1179.744 1192.680 1206.861 1218.447 1223.127 1215.811 1192.205 1151.434 1097.281 1037.365 981.048 935.545 903.183 882.337 869.700 861.980 856.974 853.817 852.057 851.150 850.694 850.507 850.446 850.435 850.435 850.435 850.435 850.435 850.435 850.435 850.435 850.435 850.435 850.435 850.435 850.435 850.435 850.435 850.435 850.435 850.435 850.435 850.435 850.435 850.435 850.435 850.435 850.435 850.435
1180.311 1196.890 1216.936 1238.633 1260.027 1278.611 1291.166 1294.305 1285.546 1264.688 1234.601 1200.836 1170.094 1148.326 1138.848 1141.510 1153.292 1170.071 1187.613 1201.509 1206.930 1198.692 1173.126 1130.441 1075.445 1016.359 962.534 920.393 891.444 873.584 863.401 857.603 854.114 852.114 851.160 850.729 850.527 850.456 850.437 850.435 850.435 850.435 850.435 850.435 850.435 850.435 850.435 850.435 850.435 850.435 850.435 850.435 850.435 850.435 850.435 850.435 850.435 850.435 850.435 850.435 850.435 850.435 850.435 850.435 850.435
1199.436 1209.273 1222.401 1237.511 1252.872 1265.967 1273.459 1271.888 1258.845 1234.372 1201.671 1166.588 1135.937 1115.583 1108.590 1114.526 1129.972 1150.296 1170.432 1185.106 1189.063 1177.643 1148.671 1104.041 1049.649 993.781 944.811 907.626 882.714 867.710 859.438 854.934 852.425 851.165 850.695 850.526 850.455 850.437 850.435 850.435 850.435 850.435 850.435 850.435 850.435 850.435 850.435 850.435 850.435 850.435 850.435 850.435 850.435 850.435 850.435 850.435 850.435 850.435 850.435 850.435 850.435 850.435 850.435 850.435 850.435
1216.071 1218.744 1224.511 1232.632 1241.647 1249.133 1251.804 1246.265 1230.192 1203.748 1170.206 1135.370 1105.938 1087.615 1083.374 1092.743 1112.089 1136.101 1158.485 1172.764 1173.304 1156.556 1122.570 1075.467 1022.313 970.996 928.174 896.733 876.066 863.728 856.975 853.381 851.518 850.716 850.507 850.455 850.437 850.435 850.435 850.435 850.435 850.435 850.435 850.435 850.435 850.435 850.435 850.435 850.435 850.435 850.435 850.435 850.435 850.435 850.435 850.435 850.435 850.435 850.435 850.435 850.435 850.435 850.435 850.435 850.435
1225.664 1221.212 1219.737 1221.101 1224.181 1226.742 1225.642 1217.578 1200.257 1173.794 1141.276 1108.218 1081.065 1065.386 1064.232 1077.355 1101.009 1129.014 1153.483 1166.463 1162.014 1138.141 1097.636 1047.264 995.294 948.917 912.612 887.083 870.630 860.786 855.330 852.448 851.048 850.530 850.447 850.437 850.435 850.435 850.435 850.435 850.435 850.435 850.435 850.435 850.435 850.435 850.435 850.435 850.435 850.435 850.435 850.435 850.435 850.435 850.435 850.435 850.435 850.435 850.435 850.435 850.435 850.435 850.435 850.435 850.435
1224.839 1213.889 1205.999 1201.635 1200.025 1199.114 1195.896 1187.099 1170.360 1145.613 1115.625 1085.514 1061.457 1048.916 1051.173 1068.346 1096.615 1128.800 1155.214 1166.315 1155.972 1123.972 1076.029 1021.682 970.403 928.556 898.336 878.368 865.885 858.376 854.110 851.853 850.809 850.466 850.435 850.435 850.435 850.435 850.435 850.435 850.435 850.435 850.435 850.435 850.435 850.435 850.435 850.435 850.435 850.435 850.435 850.435 850.435 850.435 850.435 850.435 850.435 850.435 850.435 850.435 850.435 850.435 850.435 850.435 850.435
1212.700 1196.516 1183.745 1175.371 1170.889 1168.346 1164.752 1156.788 1141.972 1120.042 1093.438 1066.917 1046.418 1037.308 1043.134 1064.396 1097.203 1133.393 1161.573 1170.747 1154.666 1114.778 1059.453 1000.809 949.431 910.985 885.715 870.467 861.494 856.157 853.054 851.411 850.667 850.446 850.435 850.435 850.435 850.435 850.435 850.435 850.435 850.435 850.435 850.435 850.435 850.435 850.435 850.435 850.435 850.435 850.435 850.435 850.435 850.435 850.435 850.435 850.435 850.435 850.435 850.435 850.435 850.435 850.435 850.435 850.435
1191.322 1171.681 1155.969 1145.530 1139.990 1137.391 1134.677 1128.438 1116.118 1097.335 1074.297 1051.483 1034.615 1028.920 1038.107 1062.971 1099.617 1139.176 1168.988 1176.964 1156.697 1110.749 1049.411 986.770 934.406 897.683 875.593 863.735 857.535 854.088 852.090 851.042 850.567 850.437 850.435 850.435 850.435 850.435 850.435 850.435 850.435 850.435 850.435 850.435 850.435 850.435 850.435 850.435 850.435 850.435 850.435 850.435 850.435 850.435 850.435 850.435 850.435 850.435 850.435 850.435 850.435 850.435 850.435 850.435 850.435
1164.871 1143.612 1126.697 1115.690 1110.259 1108.408 1107.020 1102.646 1092.748 1076.916 1057.218 1037.895 1024.400 1021.709 1033.540 1060.866 1099.968 1141.808 1173.225 1181.520 1159.956 1111.320 1046.658 981.101 927.017 890.086 869.001 858.822 854.364 852.347 851.298 850.765 850.503 850.435 850.435 850.435 850.435 850.435 850.435 850.435 850.435 850.435 850.435 850.435 850.435 850.435 850.435 850.435 850.435 850.435 850.435 850.435 850.435 850.435 850.435 850.435 850.435 850.435 850.435 850.435 850.435 850.435 850.435 850.435 850.435
1138.572 1117.050 1099.975 1089.009 1083.899 1082.689 1082.289 1079.333 1071.398 1058.086 1041.325 1025.074 1014.406 1013.911 1027.160 1055.246 1094.913 1137.684 1170.794 1181.508 1162.453 1115.539 1051.168 984.397 928.131 889.059 866.654 856.217 852.273 851.075 850.716 850.577 850.465 850.435 850.435 850.435 850.435 850.435 850.435 850.435 850.435 850.435 850.435 850.435 850.435 850.435 850.435 850.435 850.435 850.435 850.435 850.435 850.435 850.435 850.435 850.435 850.435 850.435 850.435 850.435 850.435 850.435 850.435 850.435 850.435
1117.150 1095.880 1078.703 1067.427 1061.982 1060.599 1060.388 1058.177 1051.694 1040.527 1026.361 1012.738 1004.194 1004.846 1018.006 1044.901 1083.096 1125.400 1160.350 1175.673 1163.067 1122.460 1062.214 996.194 937.566 894.649 868.710 856.085 851.361 850.292 850.321 850.447 850.439 850.435 850.435 850.435 850.435 850.435 850.435 850.435 850.435 850.435 850.435 850.435 850.435 850.435 850.435 850.435 850.435 850.435 850.435 850.435 850.435 850.435 850.435 850.435 850.435 850.435 850.435 850.435 850.435 850.435 850.435 850.435 850.435
1103.207 1081.867 1063.899 1051.361 1044.519 1041.967 1041.148 1039.170 1033.880 1024.723 1012.986 1001.604 994.453 995.147 1006.732 1030.651 1065.589 1106.235 1143.088 1164.747 1161.791 1131.311 1078.517 1015.142 954.304 906.311 875.011 858.473 851.726 850.058 850.118 850.368 850.420 850.435 850.435 850.435 850.435 850.435 850.435 850.435 850.435 850.435 850.435 850.435 850.435 850.435 850.435 850.435 850.435 850.435 850.435 850.435 850.435 850.435 850.435 850.435 850.435 850.435 850.435 850.435 850.435 850.435 850.435 850.435 850.435
1096.900 1074.677 1055.009 1040.304 1031.270 1026.940 1025.168 1023.338 1019.335 1012.318 1002.981 993.523 987.105 986.900 995.763 1015.464 1045.958 1084.076 1122.621 1151.348 1159.744 1141.697 1098.563 1039.323 976.697 922.999 885.075 863.268 853.411 850.423 850.137 850.352 850.414 850.435 850.435 850.435 850.435 850.435 850.435 850.435 850.435 850.435 850.435 850.435 850.435 850.435 850.435 850.435 850.435 850.435 850.435 850.435 850.435 850.435 850.435 850.435 850.435 850.435 850.435 850.435 850.435 850.435 850.435 850.435 850.435
1097.274 1073.543 1051.717 1034.588 1023.270 1017.215 1014.661 1013.237 1010.773 1006.034 999.022 991.128 984.854 983.073 988.597 1003.570 1029.160 1064.290 1104.017 1139.396 1159.099 1153.903 1121.155 1066.785 1002.809 943.247 898.024 870.046 856.257 851.337 850.359 850.397 850.424 850.435 850.435 850.435 850.435 850.435 850.435 850.435 850.435 850.435 850.435 850.435 850.435 850.435 850.435 850.435 850.435 850.435 850.435 850.435 850.435 850.435 850.435 850.435 850.435 850.435 850.435 850.435 850.435 850.435 850.435 850.435 850.435
1103.119 1078.054 1054.559 1035.660 1022.742 1015.568 1012.719 1012.035 1011.274 1008.771 1003.805 996.997 990.304 986.484 988.486 998.857 1019.720 1051.774 1092.018 1132.775 1162.289 1168.736 1145.703 1096.095 1030.984 965.659 912.900 878.268 860.004 852.705 850.769 850.506 850.452 850.435 850.435 850.435 850.435 850.435 850.435 850.435 850.435 850.435 850.435 850.435 850.435 850.435 850.435 850.435 850.435 850.435 850.435 850.435 850.435 850.435 850.435 850.435 850.435 850.435 850.435 850.435 850.435 850.435 850.435 850.435 850.435
